1555.426 1073.333
-16.00781 -42.6665
-34.68359 -123.9999
-50.69141 -158.6666
-82.70703 -215.9999
-109.3867 -270.6666
-128.0625 -307.9999
-148.0723 -339.9999
-158.7441 -354.6666
-165.4141 -366.6666
-169.416 -373.3333
-170.75 -375.9999
-173.418 -378.6666
-174.752 -379.9999
-176.0859 -379.9999
-176.0859 -379.9999
1566.098 1122.667
-6.669922 -14.66675
-13.33984 -38.66675
-32.01563 -78.66675
-81.37305 -182.6667
-106.7188 -234.6667
-129.3965 -293.3334
-142.7363 -332.0001
-152.0742 -361.3334
-157.4102 -376.0001
-165.4141 -393.3334
-174.752 -410.6667
-181.4219 -425.3334
-182.7559 -429.3334
-184.0898 -429.3334
-184.0898 -433.3334
-184.0898 -434.6667
-185.4238 -436.0001
-185.4238 -437.3334
-185.4238 -437.3334
-185.4238 -437.3334
1544.754 1094.667
-8.003906 -16
-9.337891 -30.66675
-30.68164 -93.33344
-64.03125 -180.0001
-92.04492 -244.0001
-106.7188 -292.0001
-129.3965 -372.0001
-142.7363 -402.6667
-142.7363 -406.6667
-144.0703 -406.6667
-144.0703 -406.6667
-144.0703 -406.6667
-144.0703 -406.6667
-144.0703 -406.6667
-144.0703 -406.6667
-144.0703 -406.6667
-144.0703 -406.6667
-144.0703 -406.6667
-144.0703 -406.6667
-144.0703 -406.6667
1546.088 1125.333
8.003906 -12
20.00977 -28
50.69141 -70.6665
77.37109 -118.6666
105.3848 -178.6666
126.7285 -229.3333
148.0723 -277.3333
161.4121 -310.6666
178.7539 -351.9999
188.0918 -370.6666
194.7617 -385.3333
197.4297 -394.6666
202.7656 -413.3333
205.4336 -418.6666
208.1016 -425.3333
208.1016 -431.9999
209.4355 -434.6666
210.7695 -434.6666
210.7695 -435.9999
210.7695 -437.3333
212.1035 -437.3333
212.1035 -437.3333
1479.389 865.3333
12.00586 4
76.03711 2.666687
173.418 0
217.4395 -6.666626
221.4414 -9.333313
222.7754 -10.66663
222.7754 -10.66663
222.7754 -10.66663
222.7754 -10.66663
222.7754 -10.66663
222.7754 -10.66663
222.7754 -10.66663
222.7754 -10.66663
222.7754 -10.66663
222.7754 -10.66663
222.7754 -10.66663
1454.043 873.3333
10.67188 1.333374
46.68945 1.333374
100.0488 -4
220.1074 -18.66663
253.457 -24
254.791 -24
254.791 -24
254.791 -25.33331
254.791 -25.33331
254.791 -25.33331
254.791 -25.33331
254.791 -25.33331
254.791 -25.33331
254.791 -26.66663
1920.938 850.6667
-22.67773 12
-50.69141 14.66663
-64.03125 14.66663
-80.03906 -6.666687
-92.04492 -32
-100.0488 -60
-102.7168 -77.33337
-104.0508 -98.66669
-104.0508 -118.6667
-104.0508 -132
-100.0488 -145.3334
-89.37695 -153.3334
-82.70703 -154.6667
-69.36719 -154.6667
-38.68555 -136
-24.01172 -112
-20.00977 -92
-12.00586 -52
1.333984 -17.33337
5.335938 5.333313
5.335938 9.333313
5.335938 10.66663
5.335938 12
5.335938 12
5.335938 12
5.335938 12
5.335938 12
5.335938 5.333313
-4.001953 -12
-9.337891 -32
-12.00586 -46.66669
-17.3418 -70.66669
-18.67578 -93.33337
-22.67773 -105.3334
-24.01172 -129.3334
-24.01172 -137.3334
-21.34375 -137.3334
-17.3418 -137.3334
-12.00586 -137.3334
-12.00586 -137.3334
-8.003906 -136
-1.333984 -128
6.669922 -122.6667
14.67383 -114.6667
25.3457 -104
37.35156 -92
46.68945 -82.66669
49.35742 -78.66669
49.35742 -78.66669
49.35742 -78.66669
49.35742 -78.66669
1906.264 848
-25.3457 17.33331
-36.01758 0
-45.35547 -18.66669
-50.69141 -32
-54.69336 -52
-58.69531 -76
-58.69531 -102.6667
-58.69531 -128
-58.69531 -138.6667
-58.69531 -142.6667
-54.69336 -142.6667
-45.35547 -141.3333
-37.35156 -133.3333
-25.3457 -121.3333
-6.669922 -101.3333
5.335938 -82.66669
14.67383 -61.33331
20.00977 -37.33331
25.3457 -12
28.01367 5.333313
28.01367 13.33331
28.01367 16
28.01367 17.33331
28.01367 20
28.01367 21.33331
28.01367 21.33331
28.01367 18.66669
22.67773 8
20.00977 0
17.3418 -10.66669
16.00781 -18.66669
14.67383 -34.66669
12.00586 -46.66669
9.337891 -58.66669
8.003906 -74.66669
6.669922 -85.33331
6.669922 -104
10.67188 -124
14.67383 -130.6667
21.34375 -134.6667
29.34766 -134.6667
32.01563 -134.6667
34.68359 -134.6667
37.35156 -122.6667
40.01953 -117.3333
40.01953 -113.3333
42.6875 -110.6667
45.35547 -108
48.02344 -104
49.35742 -102.6667
52.02539 -98.66669
53.35938 -96
54.69336 -93.33331
56.02734 -90.66669
56.02734 -89.33331
1578.104 1092
-14.67383 -17.33325
-24.01172 -36
-45.35547 -72
-70.70117 -114.6667
-120.0586 -217.3333
-141.4023 -261.3333
-160.0781 -294.6667
-170.75 -314.6667
-178.7539 -329.3333
-182.7559 -337.3333
-184.0898 -338.6667
-184.0898 -338.6667
-184.0898 -338.6667
-184.0898 -338.6667
1586.107 1093.333
4.001953 -12
20.00977 -54.6665
48.02344 -151.9999
69.36719 -209.3333
86.70898 -250.6666
108.0527 -294.6666
125.3945 -337.3333
138.7344 -367.9999
141.4023 -373.3333
141.4023 -375.9999
141.4023 -379.9999
142.7363 -382.6666
142.7363 -383.9999
142.7363 -383.9999
142.7363 -383.9999
142.7363 -383.9999
142.7363 -383.9999
142.7363 -383.9999
1579.438 1094.667
9.337891 -14.66675
34.68359 -109.3334
64.03125 -204.0001
84.04102 -260.0001
101.3828 -312.0001
112.0547 -340.0001
114.7227 -342.6667
114.7227 -342.6667
114.7227 -342.6667
114.7227 -342.6667
114.7227 -342.6667
114.7227 -342.6667
114.7227 -342.6667
114.7227 -342.6667
114.7227 -342.6667
114.7227 -342.6667
114.7227 -342.6667
1478.055 862.6667
12.00586 5.333313
69.36719 5.333313
149.4063 5.333313
186.7578 5.333313
204.0996 4
204.0996 4
204.0996 4
204.0996 4
204.0996 4
204.0996 4
204.0996 4
204.0996 4
204.0996 4
204.0996 4
204.0996 4
1907.598 848
-42.6875 14.66669
-53.35938 9.333313
-64.03125 -5.333313
-76.03711 -44
-78.70508 -89.33331
-78.70508 -130.6667
-60.0293 -156
-14.67383 -150.6667
20.00977 -98.66669
37.35156 -24
45.35547 18.66669
49.35742 32
49.35742 32
49.35742 32
49.35742 30.66669
49.35742 25.33331
42.6875 1.333313
32.01563 -42.66669
25.3457 -77.33331
21.34375 -138.6667
21.34375 -156
21.34375 -166.6666
26.67969 -173.3334
33.34961 -177.3334
41.35352 -177.3334
60.0293 -177.3334
90.71094 -172
118.7246 -158.6667
1459.379 868
16.00781 0
36.01758 0
86.70898 0
158.7441 0
237.4492 0
248.1211 0
248.1211 0
248.1211 0
248.1211 0
248.1211 0
248.1211 0
248.1211 0
248.1211 0
248.1211 0
248.1211 0
1910.266 861.3333
-18.67578 8
-37.35156 8
-66.69922 -1.333313
-78.70508 -28
-85.375 -89.33331
-86.70898 -133.3333
-82.70703 -141.3333
-76.03711 -145.3333
-65.36523 -145.3333
-54.69336 -141.3333
-44.02148 -129.3333
-21.34375 -100
-6.669922 -72
1.333984 -53.33331
14.67383 -20
28.01367 9.333374
33.34961 26.66669
37.35156 33.33337
37.35156 33.33337
37.35156 33.33337
37.35156 33.33337
37.35156 33.33337
37.35156 24
33.34961 2.666687
26.67969 -18.66663
14.67383 -52
9.337891 -82.66663
6.669922 -106.6666
6.669922 -118.6666
6.669922 -130.6666
6.669922 -138.6666
6.669922 -141.3333
6.669922 -142.6666
8.003906 -144
12.00586 -144
16.00781 -141.3333
20.00977 -137.3333
32.01563 -126.6666
52.02539 -108
66.69922 -92
74.70313 -82.66663
77.37109 -80
77.37109 -80
77.37109 -80
1323.313 110.6666
1538.084 1080
-5.335938 -8
-14.67383 -28
-25.3457 -46.66675
-33.34961 -60
-40.01953 -74.66669
-44.02148 -88
-54.69336 -113.3333
-64.03125 -141.3333
-76.03711 -168
-102.7168 -212
-118.7246 -242.6667
-136.0664 -277.3333
-158.7441 -310.6667
-177.4199 -344
-181.4219 -352
-182.7559 -354.6667
-184.0898 -358.6667
-185.4238 -362.6667
-189.4258 -369.3333
-190.7598 -376
-192.0938 -380
-192.0938 -381.3333
-189.4258 -381.3333
-188.0918 -380
-186.7578 -378.6667
-186.7578 -378.6667
-186.7578 -378.6667
-186.7578 -378.6667
-186.7578 -378.6667
-186.7578 -378.6667
-186.7578 -378.6667
-186.7578 -378.6667
1543.42 1069.333
12.00586 -25.33325
32.01563 -66.66656
46.68945 -99.99994
58.69531 -131.9999
66.69922 -154.6666
73.36914 -169.3333
92.04492 -205.3333
110.7207 -241.3333
134.7324 -279.9999
148.0723 -298.6666
156.0762 -311.9999
162.7461 -321.3333
165.4141 -326.6666
169.416 -331.9999
173.418 -337.3333
178.7539 -345.3333
181.4219 -347.9999
181.4219 -349.3333
182.7559 -349.3333
184.0898 -350.6666
184.0898 -350.6666
185.4238 -350.6666
185.4238 -351.9999
185.4238 -349.3333
1540.752 1073.333
5.335938 2.666748
18.67578 -8
28.01367 -37.33325
40.01953 -58.66656
74.70313 -154.6666
100.0488 -215.9999
113.3887 -242.6666
120.0586 -263.9999
124.0605 -281.3333
129.3965 -295.9999
133.3984 -305.3333
138.7344 -311.9999
141.4023 -318.6666
144.0703 -321.3333
146.7383 -325.3333
153.4082 -335.9999
156.0762 -339.9999
158.7441 -345.3333
160.0781 -347.9999
161.4121 -349.3333
162.7461 -353.3333
164.0801 -354.6666
165.4141 -358.6666
168.082 -363.9999
168.082 -363.9999
168.082 -363.9999
169.416 -357.3333
1454.043 845.3333
24.01172 2.666687
64.03125 6.666687
90.71094 4
116.0566 4
138.7344 5.333374
168.082 8
188.0918 9.333374
198.7637 10.66669
202.7656 10.66669
206.7676 10.66669
209.4355 10.66669
210.7695 9.333374
212.1035 9.333374
212.1035 9.333374
213.4375 8
213.4375 8
213.4375 8
213.4375 10.66669
1430.031 845.3333
14.67383 -6.666626
44.02148 0
66.69922 2.666687
86.70898 2.666687
116.0566 2.666687
145.4043 5.333374
168.082 8
209.4355 12
214.7715 13.33337
221.4414 14.66669
225.4434 17.33337
230.7793 17.33337
232.1133 17.33337
234.7813 17.33337
236.1152 17.33337
237.4492 20
237.4492 21.33337
2718.66 54.66663
-813.7305 778.6667
-815.0645 785.3334
-816.3984 790.6667
-821.7344 794.6667
-829.7383 798.6667
-837.7422 798.6667
-849.748 793.3334
-863.0879 785.3334
-880.4297 754.6667
-885.7656 728.0001
-888.4336 700.0001
-888.4336 685.3334
-880.4297 670.6667
-875.0938 669.3334
-872.4258 669.3334
-871.0918 668.0001
-871.0918 668.0001
-871.0918 666.6667
-871.0918 665.3334
-869.7578 664.0001
-869.7578 664.0001
-868.4238 664.0001
-868.4238 664.0001
1903.596 837.3333
0 10.66669
-5.335938 14.66669
-44.02148 -8
-61.36328 -36
-68.0332 -56
-70.70117 -78.66663
-70.70117 -97.33331
-65.36523 -112
-52.02539 -121.3333
-40.01953 -120
-22.67773 -104
-13.33984 -80
-6.669922 -46.66663
-1.333984 -36
2.667969 -26.66663
6.669922 -13.33331
10.67188 1.333374
14.67383 13.33337
16.00781 20
18.67578 22.66669
18.67578 24
18.67578 22.66669
20.00977 30.66669
21.34375 32
17.3418 20
12.00586 5.333374
4.001953 -14.66663
-2.667969 -33.33331
-9.337891 -57.33331
-9.337891 -74.66663
-9.337891 -88
-8.003906 -97.33331
-5.335938 -105.3333
-1.333984 -108
5.335938 -108
12.00586 -106.6666
16.00781 -105.3333
18.67578 -104
20.00977 -102.6666
20.00977 -102.6666
21.34375 -101.3333
22.67773 -98.66663
26.67969 -94.66663
29.34766 -89.33331
30.68164 -88
32.01563 -85.33331
32.01563 -84
33.34961 -82.66663
34.68359 -80
36.01758 -77.33331
37.35156 -74.66663
37.35156 -72
37.35156 -72
1532.748 1076
-1.333984 -2.666748
-6.669922 -13.33325
-17.3418 -30.66675
-24.01172 -45.33325
-29.34766 -57.33331
-34.68359 -72
-37.35156 -84
-44.02148 -101.3333
-54.69336 -125.3333
-61.36328 -144
-66.69922 -158.6667
-73.36914 -173.3333
-81.37305 -193.3333
-94.71289 -217.3333
-102.7168 -236
-109.3867 -254.6667
-116.0566 -269.3333
-125.3945 -281.3333
-136.0664 -301.3333
-142.7363 -317.3333
-146.7383 -326.6667
-150.7402 -333.3333
-153.4082 -336
-156.0762 -340
-158.7441 -344
-160.0781 -348
-160.0781 -350.6667
-161.4121 -356
-162.7461 -364
-162.7461 -364
-162.7461 -365.3333
-162.7461 -365.3333
-162.7461 -365.3333
-162.7461 -365.3333
-162.7461 -365.3333
-162.7461 -365.3333
-162.7461 -365.3333
-162.7461 -365.3333
1546.088 1080
8.003906 -8
14.67383 -25.33325
24.01172 -41.33325
34.68359 -54.66675
41.35352 -65.33331
49.35742 -82.66669
54.69336 -96
64.03125 -117.3333
73.36914 -142.6667
80.03906 -164
86.70898 -177.3333
94.71289 -193.3333
102.7168 -213.3333
114.7227 -238.6667
125.3945 -261.3333
136.0664 -280
145.4043 -294.6667
153.4082 -313.3333
158.7441 -329.3333
162.7461 -342.6667
165.4141 -350.6667
168.082 -354.6667
169.416 -358.6667
170.75 -365.3333
172.084 -373.3333
173.418 -377.3333
173.418 -381.3333
174.752 -382.6667
176.0859 -384
176.0859 -384
1470.051 849.3333
32.01563 4
61.36328 8
101.3828 12
126.7285 13.33337
144.0703 13.33337
152.0742 13.33337
158.7441 12
164.0801 10.66669
166.748 10.66669
169.416 10.66669
170.75 10.66669
172.084 10.66669
173.418 10.66669
1550.09 1074.667
0 -2.666748
2.667969 -12
9.337891 -25.3335
17.3418 -38.66675
26.67969 -52.00006
37.35156 -84.00006
44.02148 -110.6667
54.69336 -146.6667
62.69727 -166.6667
73.36914 -184.0001
86.70898 -206.6667
96.04688 -221.3334
102.7168 -241.3334
124.0605 -300.0001
138.7344 -325.3334
149.4063 -341.3334
154.7422 -352.0001
158.7441 -360.0001
161.4121 -368.0001
164.0801 -374.6667
166.748 -378.6667
168.082 -381.3334
169.416 -382.6667
170.75 -385.3334
172.084 -388.0001
173.418 -389.3334
173.418 -389.3334
173.418 -389.3334
173.418 -389.3334
173.418 -389.3334
1443.371 846.6667
10.67188 0
24.01172 0
38.68555 0
50.69141 0
68.0332 0
82.70703 0
96.04688 0
124.0605 1.333313
158.7441 2.666626
200.0977 6.666626
210.7695 9.333313
212.1035 9.333313
213.4375 9.333313
213.4375 9.333313
213.4375 9.333313
213.4375 9.333313
214.7715 9.333313
216.1055 8
216.1055 8
216.1055 8
217.4395 8
217.4395 8
1877.583 440.6667
1.701412E+38 1.701412E+38
-416.8701 408.6666
-391.5244 408.6666
-364.8447 408.6666
-290.1416 412.6666
-252.79 415.3333
-243.4521 415.3333
-238.1162 415.3333
-236.7822 415.3333
-235.4482 415.3333
-235.4482 415.3333
-235.4482 415.3333
-235.4482 415.3333
-235.4482 415.3333
-235.4482 415.3333
-235.4482 415.3333
-235.4482 415.3333
-234.1143 415.3333
-234.1143 415.3333
-234.1143 415.3333
1435.367 845.3333
17.3418 -1.333313
38.68555 -1.333313
54.69336 -1.333313
72.03516 0
89.37695 2.666687
113.3887 2.666687
140.0684 2.666687
185.4238 1.333374
206.7676 4
214.7715 4
220.1074 4
225.4434 4
228.1113 4
230.7793 5.333374
230.7793 5.333374
230.7793 5.333374
230.7793 5.333374
230.7793 5.333374
230.7793 5.333374
230.7793 5.333374
230.7793 5.333374
230.7793 5.333374
230.7793 5.333374
230.7793 5.333374
1426.029 854.6667
20.00977 -2.666687
45.35547 -4
60.0293 -5.333374
74.70313 -4
120.0586 0
148.0723 1.333313
174.752 4
190.7598 4
205.4336 4
217.4395 5.333313
225.4434 5.333313
228.1113 5.333313
230.7793 5.333313
233.4473 5.333313
233.4473 5.333313
233.4473 5.333313
233.4473 5.333313
233.4473 5.333313
233.4473 5.333313
234.7813 5.333313
234.7813 5.333313
234.7813 5.333313
234.7813 5.333313
234.7813 5.333313
1436.701 844
25.3457 -6.666687
52.02539 -9.333313
84.04102 -9.333313
106.7188 -4
177.4199 5.333313
213.4375 6.666687
221.4414 8
224.1094 8
226.7773 8
226.7773 8
226.7773 8
226.7773 8
226.7773 8
226.7773 8
226.7773 8
226.7773 8
226.7773 8
226.7773 8
226.7773 6.666687
226.7773 6.666687
226.7773 6.666687
226.7773 5.333313
1452.709 856
0 1.333313
5.335938 1.333313
13.33984 0
26.67969 -1.333313
40.01953 0
48.02344 0
61.36328 0
72.03516 0
92.04492 1.333313
118.7246 4
125.3945 4
129.3965 4
133.3984 4
141.4023 4
153.4082 4
168.082 4
181.4219 5.333313
186.7578 5.333313
194.7617 5.333313
196.0957 5.333313
198.7637 5.333313
201.4316 6.666687
202.7656 6.666687
204.0996 6.666687
205.4336 6.666687
205.4336 6.666687
205.4336 6.666687
1452.709 857.3333
5.335938 0
13.33984 -1.333313
26.67969 -2.666626
40.01953 -1.333313
48.02344 -1.333313
61.36328 -1.333313
72.03516 -1.333313
92.04492 0
118.7246 2.666687
125.3945 2.666687
129.3965 2.666687
133.3984 2.666687
141.4023 2.666687
153.4082 2.666687
168.082 2.666687
181.4219 4
186.7578 4
194.7617 4
196.0957 4
198.7637 4
201.4316 5.333374
202.7656 5.333374
204.0996 5.333374
205.4336 5.333374
205.4336 5.333374
205.4336 5.333374
1435.367 858.6667
2.667969 -2.666687
22.67773 -6.666687
46.68945 -8
65.36523 -8
85.375 -8
102.7168 -6.666687
126.7285 -5.333374
146.7383 -4
162.7461 -4
172.084 -4
181.4219 -4
190.7598 -2.666687
198.7637 -2.666687
205.4336 -1.333374
210.7695 -1.333374
213.4375 -1.333374
216.1055 -1.333374
218.7734 0
220.1074 0
222.7754 0
224.1094 0
224.1094 0
225.4434 0
1899.594 842.6667
0 4
-1.333984 12
-8.003906 17.33331
-16.00781 17.33331
-25.3457 14.66663
-37.35156 8
-66.69922 -48
-73.36914 -80
-72.03516 -98.66669
-68.0332 -106.6667
-60.0293 -112
-49.35742 -113.3334
-41.35352 -113.3334
-33.34961 -108
-25.3457 -102.6667
-20.00977 -97.33337
-14.67383 -90.66669
-8.003906 -80
-2.667969 -69.33337
2.667969 -54.66669
10.67188 -42.66669
14.67383 -26.66669
21.34375 -4
25.3457 5.333313
28.01367 9.333313
29.34766 13.33331
29.34766 14.66663
29.34766 14.66663
29.34766 14.66663
29.34766 14.66663
28.01367 9.333313
22.67773 -5.333374
18.67578 -18.66669
12.00586 -36
5.335938 -46.66669
1.333984 -57.33337
-1.333984 -70.66669
-1.333984 -82.66669
-1.333984 -92
0 -98.66669
4.001953 -102.6667
9.337891 -106.6667
16.00781 -109.3334
22.67773 -109.3334
26.67969 -109.3334
26.67969 -109.3334
24.01172 -113.3334
21.34375 -114.6667
21.34375 -114.6667
28.01367 -113.3334
34.68359 -108
38.68555 -105.3334
40.01953 -102.6667
41.35352 -97.33337
42.6875 -94.66669
44.02148 -92
44.02148 -89.33337
45.35547 -88
45.35547 -88
45.35547 -86.66669
45.35547 -86.66669
45.35547 -86.66669
1535.416 1084
-1.333984 0
-8.003906 -9.333252
-18.67578 -28
-30.68164 -48
-40.01953 -64
-45.35547 -78.66669
-54.69336 -109.3333
-66.69922 -133.3333
-74.70313 -158.6667
-82.70703 -180
-94.71289 -205.3333
-105.3848 -229.3333
-117.3906 -261.3333
-124.0605 -278.6667
-129.3965 -289.3333
-137.4004 -304
-144.0703 -317.3333
-149.4063 -330.6667
-152.0742 -334.6667
-153.4082 -338.6667
-156.0762 -344
-157.4102 -346.6667
-160.0781 -350.6667
-162.7461 -356
-164.0801 -358.6667
-164.0801 -361.3333
-164.0801 -361.3333
1543.42 1076
5.335938 -2.666748
16.00781 -17.33325
26.67969 -36
36.01758 -50.66675
45.35547 -64
60.0293 -94.66669
65.36523 -106.6667
72.03516 -118.6667
76.03711 -133.3333
80.03906 -146.6667
85.375 -158.6667
89.37695 -166.6667
94.71289 -174.6667
97.38086 -182.6667
1551.424 1080
4.001953 -17.33325
16.00781 -38.66675
28.01367 -56
34.68359 -73.33331
46.68945 -104
56.02734 -125.3333
64.03125 -150.6667
93.37891 -216
101.3828 -234.6667
109.3867 -257.3333
116.0566 -276
121.3926 -292
129.3965 -309.3333
137.4004 -324
142.7363 -336
149.4063 -353.3333
152.0742 -358.6667
153.4082 -362.6667
156.0762 -366.6667
157.4102 -370.6667
158.7441 -377.3333
161.4121 -381.3333
162.7461 -384
162.7461 -384
1456.711 846.6667
22.67773 -1.333374
49.35742 1.333313
93.37891 2.666626
138.7344 5.333313
150.7402 5.333313
160.0781 6.666626
169.416 6.666626
176.0859 6.666626
180.0879 8
181.4219 8
181.4219 8
182.7559 8
184.0898 9.333313
1540.752 1081.333
4.001953 -10.6665
13.33984 -24
21.34375 -42.6665
33.34961 -56
62.69727 -146.6666
80.03906 -201.3333
89.37695 -219.9999
96.04688 -231.9999
106.7188 -249.3333
118.7246 -273.3333
136.0664 -299.9999
142.7363 -310.6666
146.7383 -318.6666
150.7402 -326.6666
153.4082 -333.3333
157.4102 -341.3333
160.0781 -346.6666
162.7461 -353.3333
164.0801 -358.6666
165.4141 -362.6666
166.748 -363.9999
169.416 -370.6666
172.084 -375.9999
172.084 -377.3333
172.084 -377.3333
173.418 -378.6666
173.418 -379.9999
173.418 -379.9999
173.418 -379.9999
173.418 -379.9999
173.418 -379.9999
173.418 -379.9999
174.752 -379.9999
176.0859 -375.9999
1542.086 1076
9.337891 -9.333252
18.67578 -24
40.01953 -54.66669
50.69141 -77.33331
60.0293 -100
69.36719 -120
86.70898 -156
94.71289 -176
100.0488 -196
105.3848 -214.6667
110.7207 -228
116.0566 -244
122.7266 -265.3333
128.0625 -282.6667
133.3984 -293.3333
137.4004 -304
141.4023 -317.3333
145.4043 -328
148.0723 -336
150.7402 -342.6667
153.4082 -350.6667
157.4102 -358.6667
158.7441 -361.3333
158.7441 -364
160.0781 -364
160.0781 -365.3333
160.0781 -366.6667
161.4121 -368
161.4121 -368
161.4121 -369.3333
161.4121 -369.3333
161.4121 -369.3333
162.7461 -370.6667
162.7461 -372
162.7461 -372
1531.414 1081.333
4.001953 4
9.337891 8
14.67383 10.66675
20.00977 4
24.01172 -9.333252
29.34766 -20
34.68359 -33.33325
38.68555 -44
42.6875 -52
45.35547 -58.66656
46.68945 -65.33325
49.35742 -75.99994
52.02539 -87.99994
56.02734 -98.66656
61.36328 -107.9999
66.69922 -119.9999
70.70117 -138.6666
74.70313 -154.6666
80.03906 -170.6666
85.375 -183.9999
98.71484 -207.9999
108.0527 -221.3333
116.0566 -231.9999
122.7266 -246.6666
129.3965 -262.6666
136.0664 -275.9999
141.4023 -287.9999
149.4063 -303.9999
154.7422 -315.9999
158.7441 -323.9999
161.4121 -329.3333
165.4141 -337.3333
168.082 -343.9999
173.418 -351.9999
177.4199 -362.6666
180.0879 -370.6666
181.4219 -375.9999
182.7559 -379.9999
182.7559 -381.3333
182.7559 -383.9999
184.0898 -387.9999
184.0898 -387.9999
184.0898 -389.3333
184.0898 -390.6666
184.0898 -391.9999
1443.371 857.3333
17.3418 -1.333313
41.35352 -4
62.69727 -5.333313
80.03906 -5.333313
96.04688 -5.333313
110.7207 -5.333313
140.0684 -5.333313
157.4102 -5.333313
169.416 -6.666626
182.7559 -8
193.4277 -9.333313
202.7656 -9.333313
209.4355 -8
212.1035 -8
213.4375 -8
214.7715 -8
214.7715 -8
214.7715 -8
216.1055 -8
216.1055 -8
216.1055 -8
216.1055 -8
1902.262 837.3333
0 6.666687
-1.333984 13.33337
-6.669922 18.66669
-20.00977 20
-36.01758 13.33337
-49.35742 -2.666626
-62.69727 -20
-72.03516 -37.33331
-76.03711 -53.33331
-77.37109 -82.66663
-77.37109 -94.66663
-74.70313 -105.3333
-73.36914 -114.6666
-68.0332 -122.6666
-61.36328 -126.6666
-48.02344 -125.3333
-36.01758 -112
-26.67969 -102.6666
-18.67578 -93.33331
-10.67188 -77.33331
2.667969 -46.66663
10.67188 -32
14.67383 -16
18.67578 -2.666626
21.34375 12
24.01172 21.33337
24.01172 20
18.67578 6.666687
13.33984 -4
10.67188 -12
8.003906 -20
5.335938 -32
2.667969 -40
1.333984 -49.33331
0 -60
0 -73.33331
0 -90.66663
0 -100
1.333984 -106.6666
4.001953 -113.3333
8.003906 -118.6666
14.67383 -118.6666
21.34375 -118.6666
24.01172 -117.3333
26.67969 -113.3333
29.34766 -108
33.34961 -102.6666
36.01758 -98.66663
38.68555 -96
38.68555 -93.33331
40.01953 -90.66663
41.35352 -89.33331
41.35352 -86.66663
42.6875 -85.33331
44.02148 -84
45.35547 -80
48.02344 -77.33331
1543.42 1090.667
-5.335938 -6.666748
-26.67969 -44
-56.02734 -89.33344
-80.03906 -145.3334
-105.3848 -194.6667
-122.7266 -238.6667
-141.4023 -280.0001
-158.7441 -314.6667
-165.4141 -340.0001
-169.416 -352.0001
-168.082 -353.3334
1542.086 1093.333
4.001953 -5.333252
14.67383 -17.33325
29.34766 -40
38.68555 -61.33325
54.69336 -99.99994
64.03125 -146.6666
84.04102 -215.9999
98.71484 -245.3333
110.7207 -273.3333
120.0586 -297.3333
129.3965 -315.9999
141.4023 -338.6666
144.0703 -343.9999
146.7383 -349.3333
149.4063 -354.6666
150.7402 -358.6666
153.4082 -363.9999
156.0762 -369.3333
157.4102 -373.3333
160.0781 -377.3333
1452.709 846.6667
9.337891 -2.666687
36.01758 -4
77.37109 -2.666687
110.7207 0
134.7324 0
146.7383 1.333313
161.4121 1.333313
177.4199 2.666626
189.4258 2.666626
198.7637 2.666626
206.7676 2.666626
213.4375 1.333313
217.4395 0
220.1074 0
221.4414 0
1912.934 836
0 1.333313
-1.333984 8
-9.337891 16
-21.34375 20
-33.34961 20
-57.36133 5.333313
-76.03711 -25.33331
-90.71094 -66.66669
-92.04492 -89.33331
-92.04492 -108
-85.375 -124
-16.00781 -61.33331
8.003906 2.666687
14.67383 16
16.00781 18.66669
8.003906 8
-4.001953 -17.33331
-9.337891 -33.33331
-13.33984 -45.33331
-18.67578 -66.66669
-18.67578 -76
-18.67578 -85.33331
-18.67578 -92
-17.3418 -97.33331
-16.00781 -104
-13.33984 -106.6667
-8.003906 -109.3333
-4.001953 -112
-2.667969 -113.3333
1.333984 -113.3333
4.001953 -113.3333
8.003906 -113.3333
10.67188 -112
12.00586 -112
14.67383 -109.3333
18.67578 -105.3333
24.01172 -101.3333
1448.707 854.6667
102.7168 2.666626
206.7676 13.33331
253.457 22.66663
248.1211 26.66663
1664.813 994.6667
-33.34961 -257.3334
-245.4531 -260
-78.70508 5.333313
192.0938 85.33331
180.0879 -84
-34.68359 -328.0001
-136.0664 -337.3333
0 -34.66669
318.8223 116.0001
388.1895 22.66663
1419.359 780
-8.003906 -26.66669
-9.337891 -32
1543.42 1072
9.337891 -5.333252
22.67773 -30.66675
36.01758 -72
45.35547 -122.6667
54.69336 -165.3333
65.36523 -209.3333
74.70313 -253.3333
85.375 -282.6667
96.04688 -316
105.3848 -338.6667
110.7207 -357.3333
1450.041 856
81.37305 1.333313
134.7324 -2.666687
181.4219 -6.666687
206.7676 -6.666687
222.7754 0
1455.377 892
-12.00586 -17.33331
-21.34375 -33.33331
-26.67969 -44
-33.34961 -58.66669
-38.68555 -73.33331
-44.02148 -84
-53.35938 -100
-61.36328 -116
-69.36719 -134.6667
-72.03516 -146.6667
-73.36914 -150.6667
-74.70313 -153.3333
-77.37109 -156
-80.03906 -157.3333
-81.37305 -158.6667
-81.37305 -158.6667
-81.37305 -158.6667
-81.37305 -158.6667
-81.37305 -158.6667
1536.75 1084
0 1.333252
-1.333984 -1.333252
-4.001953 -9.333252
-9.337891 -22.66675
-14.67383 -37.33325
-20.00977 -50.66675
-36.01758 -74.66669
-42.6875 -88
-46.68945 -102.6667
-50.69141 -113.3333
-56.02734 -124
-60.0293 -137.3333
-62.69727 -146.6667
-65.36523 -153.3333
-65.36523 -156
1526.078 1058.667
-16.00781 -33.3335
-34.68359 -74.66675
-69.36719 -141.3334
-94.71289 -192.0001
-110.7207 -230.6667
-126.7285 -265.3334
-142.7363 -304.0001
-148.0723 -313.3334
-150.7402 -322.6667
-156.0762 -333.3334
-161.4121 -344.0001
-164.0801 -348.0001
-164.0801 -348.0001
-164.0801 -348.0001
-164.0801 -348.0001
-164.0801 -349.3334
-164.0801 -349.3334
1544.754 1081.333
6.669922 -5.333252
17.3418 -29.33325
21.34375 -57.33325
29.34766 -77.33325
38.68555 -101.3333
45.35547 -114.6666
53.35938 -129.3333
69.36719 -159.9999
81.37305 -182.6666
90.71094 -206.6666
101.3828 -225.3333
110.7207 -235.9999
121.3926 -249.3333
132.0645 -262.6666
146.7383 -279.9999
154.7422 -289.3333
162.7461 -303.9999
168.082 -319.9999
172.084 -331.9999
176.0859 -345.3333
178.7539 -350.6666
181.4219 -358.6666
184.0898 -366.6666
185.4238 -373.3333
185.4238 -382.6666
184.0898 -387.9999
182.7559 -391.9999
181.4219 -395.9999
180.0879 -398.6666
180.0879 -398.6666
178.7539 -399.9999
178.7539 -401.3333
178.7539 -401.3333
178.7539 -401.3333
1459.379 844
12.00586 -1.333313
28.01367 -4
48.02344 -4
65.36523 -1.333313
76.03711 0
86.70898 1.333313
120.0586 4
146.7383 4
156.0762 4
172.084 4
185.4238 6.666687
190.7598 8
193.4277 8
197.4297 8
200.0977 8
200.0977 8
201.4316 8
204.0996 8
205.4336 8
206.7676 8
2603.938 25.33337
-695.0059 801.3333
-695.0059 806.6666
-693.6719 815.9999
-693.6719 822.6666
-701.6758 826.6666
-712.3477 829.3333
-724.3535 827.9999
-737.6934 821.3333
-753.7012 805.3333
-780.3809 741.3333
-781.7148 713.3333
-777.7129 703.9999
-772.377 697.3333
-759.0371 695.9999
-740.3613 706.6666
-728.3555 717.3333
-720.3516 731.9999
-716.3496 746.6666
-708.3457 758.6666
-699.0078 775.9999
-692.3379 790.6666
-689.6699 803.9999
-685.668 815.9999
-681.666 822.6666
-677.6641 827.9999
-673.6621 834.6666
-673.6621 834.6666
-680.332 821.3333
-687.002 805.3333
-692.3379 790.6666
-699.0078 774.6666
-705.6777 762.6666
-708.3457 745.3333
-711.0137 730.6666
-712.3477 717.3333
-712.3477 710.6666
-709.6797 705.3333
-707.0117 701.3333
-703.0098 698.6666
-699.0078 698.6666
-695.0059 698.6666
-692.3379 698.6666
-689.6699 699.9999
-685.668 703.9999
-680.332 710.6666
-674.9961 717.3333
-672.3281 722.6666
-670.9941 725.3333
-670.9941 726.6666
-670.9941 727.9999
-670.9941 729.3333
-670.9941 729.3333
-669.6602 731.9999
-668.3262 734.6666
-668.3262 734.6666
-668.3262 734.6666
2630.617 22.66663
-715.0156 824.0001
-715.0156 825.3334
-713.6816 826.6667
-715.0156 830.6667
-720.3516 834.6667
-751.0332 834.6667
-775.0449 822.6667
-789.7188 809.3334
-803.0586 790.6667
-816.3984 772.0001
-824.4023 757.3334
-828.4043 741.3334
-829.7383 729.3334
-829.7383 721.3334
-827.0703 714.6667
-821.7344 712.0001
-817.7324 709.3334
-812.3965 706.6667
-807.0605 705.3334
-800.3906 704.0001
-791.0527 706.6667
-775.0449 716.0001
-760.3711 730.6667
-747.0313 754.6667
-739.0273 769.3334
-732.3574 780.0001
-724.3535 792.0001
-717.6836 805.3334
-712.3477 817.3334
-707.0117 824.0001
-704.3438 829.3334
-700.3418 834.6667
-697.6738 840.0001
-701.6758 830.6667
-729.6895 754.6667
-731.0234 741.3334
-733.6914 728.0001
-733.6914 720.0001
-733.6914 708.0001
-731.0234 701.3334
-727.0215 697.3334
-720.3516 696.0001
-712.3477 698.6667
-705.6777 705.3334
-701.6758 710.6667
-697.6738 716.0001
-695.0059 724.0001
-692.3379 726.6667
-689.6699 729.3334
-687.002 733.3334
-687.002 733.3334
-687.002 734.6667
-685.668 737.3334
-685.668 737.3334
-685.668 737.3334
-685.668 737.3334
-685.668 737.3334
-685.668 737.3334
1915.602 848
1.333984 1.333313
0 5.333313
-5.335938 9.333313
-36.01758 9.333313
-60.0293 -2.666687
-74.70313 -16
-88.04297 -34.66669
-101.3828 -53.33331
-109.3867 -68
-113.3887 -84
-114.7227 -96
-114.7227 -104
-112.0547 -110.6667
-106.7188 -113.3333
-102.7168 -116
-97.38086 -118.6667
-92.04492 -120
-85.375 -121.3333
-76.03711 -118.6667
-60.0293 -109.3333
-45.35547 -94.66669
-32.01563 -70.66669
-24.01172 -56
-17.3418 -45.33331
-9.337891 -33.33331
-2.667969 -20
2.667969 -8
8.003906 -1.333313
10.67188 4
14.67383 9.333313
17.3418 14.66669
13.33984 5.333313
-14.67383 -70.66669
-16.00781 -84
-18.67578 -97.33331
-18.67578 -105.3333
-18.67578 -117.3333
-16.00781 -124
-12.00586 -128
-5.335938 -129.3333
2.667969 -126.6667
9.337891 -120
13.33984 -114.6667
17.3418 -109.3333
20.00977 -101.3333
22.67773 -98.66669
25.3457 -96
28.01367 -92
28.01367 -92
28.01367 -90.66669
29.34766 -88
29.34766 -88
29.34766 -88
29.34766 -88
29.34766 -88
29.34766 -88
1442.037 178.6666
6.805647E+37 6.805647E+37
-6.805647E+37 -6.805647E+37
-6.805647E+37 -6.805647E+37
-1.134274E+37 -1.134274E+37
-6.805647E+37 -6.805647E+37
-6.805647E+37 -6.805647E+37
-6.805647E+37 -6.805647E+37
-6.805647E+37 -6.805647E+37
-6.805647E+37 -6.805647E+37
-6.805647E+37 -6.805647E+37
-6.805647E+37 -6.805647E+37
-6.805647E+37 -6.805647E+37
-6.805647E+37 -6.805647E+37
-6.805647E+37 -6.805647E+37
-6.805647E+37 -6.805647E+37
-6.805647E+37 -6.805647E+37
-6.805647E+37 -6.805647E+37
-6.805647E+37 -6.805647E+37
-6.805647E+37 -6.805647E+37
-6.805647E+37 -6.805647E+37
-6.805647E+37 -6.805647E+37
-6.805647E+37 -6.805647E+37
-6.805647E+37 -6.805647E+37
-6.805647E+37 -6.805647E+37
-6.805647E+37 -6.805647E+37
-6.805647E+37 -6.805647E+37
-6.805647E+37 -6.805647E+37
-6.805647E+37 -6.805647E+37
-6.805647E+37 -6.805647E+37
-6.805647E+37 -6.805647E+37
-6.805647E+37 -6.805647E+37
-6.805647E+37 -6.805647E+37
-6.805647E+37 -6.805647E+37
-6.805647E+37 -6.805647E+37
-6.805647E+37 -6.805647E+37
-6.805647E+37 -6.805647E+37
-6.805647E+37 -6.805647E+37
-6.805647E+37 -6.805647E+37
-6.805647E+37 -6.805647E+37
2367.822 591.1112
5.671372E+37 5.671372E+37
0 -8.888916
-833.7402 504.8888
-835.0742 502.222
-836.4082 490.222
-843.0781 470.222
-855.084 436.8888
-869.7578 403.5555
-881.7637 366.2221
-888.4336 342.2221
-899.1055 319.5555
-908.4434 296.8888
-919.1152 272.8888
-928.4531 246.2221
-933.7891 227.5555
-939.125 212.8888
-944.4609 199.5555
-949.7969 186.2221
-956.4668 171.5555
-961.8027 159.5555
-965.8047 150.2221
-971.1406 142.2221
-979.1445 132.8888
-980.4785 131.5555
-980.4785 131.5555
-980.4785 130.2221
-981.8125 128.8888
-983.1465 127.5555
-984.4805 126.2221
-984.4805 124.8888
-984.4805 123.5555
-985.8145 119.5555
-985.8145 118.2221
-985.8145 118.2221
-985.8145 118.2221
-985.8145 119.5555
1538.084 1088
4.001953 -5.333252
16.00781 -41.33325
25.3457 -62.66675
29.34766 -69.33331
38.68555 -78.66669
41.35352 -85.33331
44.02148 -93.33331
46.68945 -101.3333
50.69141 -108
57.36133 -116
62.69727 -124
65.36523 -130.6667
86.70898 -166.6667
104.0508 -192
108.0527 -206.6667
114.7227 -224
124.0605 -242.6667
126.7285 -264
130.7305 -278.6667
138.7344 -292
146.7383 -301.3333
150.7402 -309.3333
153.4082 -326.6667
157.4102 -336
160.0781 -345.3333
164.0801 -353.3333
166.748 -365.3333
169.416 -370.6667
172.084 -380
173.418 -384
174.752 -390.6667
176.0859 -393.3333
176.0859 -394.6667
177.4199 -396
177.4199 -397.3333
177.4199 -400
178.7539 -402.6667
178.7539 -405.3334
178.7539 -405.3334
1538.084 1085.333
4.001953 -6.666504
8.003906 -16
16.00781 -29.33325
22.67773 -42.6665
29.34766 -52
36.01758 -60
45.35547 -75.99994
53.35938 -93.33325
58.69531 -106.6666
62.69727 -119.9999
72.03516 -147.9999
78.70508 -167.9999
89.37695 -185.3333
96.04688 -199.9999
102.7168 -218.6666
109.3867 -231.9999
114.7227 -247.9999
120.0586 -266.6666
128.0625 -289.3333
133.3984 -302.6666
137.4004 -314.6666
140.0684 -322.6666
146.7383 -337.3333
157.4102 -365.3333
158.7441 -366.6666
160.0781 -369.3333
160.0781 -370.6666
161.4121 -374.6666
162.7461 -378.6666
162.7461 -379.9999
164.0801 -382.6666
164.0801 -383.9999
164.0801 -383.9999
164.0801 -383.9999
164.0801 -383.9999
164.0801 -383.9999
164.0801 -383.9999
164.0801 -382.6666
1550.09 1057.333
12.00586 -20
21.34375 -34.66656
42.6875 -70.66656
49.35742 -87.99994
54.69336 -102.6666
61.36328 -122.6666
68.0332 -138.6666
76.03711 -154.6666
85.375 -174.6666
90.71094 -191.9999
100.0488 -210.6666
108.0527 -231.9999
116.0566 -254.6666
125.3945 -270.6666
130.7305 -281.3333
134.7324 -291.9999
140.0684 -302.6666
142.7363 -311.9999
145.4043 -318.6666
148.0723 -323.9999
150.7402 -330.6666
152.0742 -335.9999
156.0762 -346.6666
156.0762 -347.9999
156.0762 -347.9999
157.4102 -349.3333
157.4102 -350.6666
158.7441 -355.9999
158.7441 -355.9999
158.7441 -357.3333
160.0781 -359.9999
160.0781 -359.9999
160.0781 -358.6666
160.0781 -357.3333
160.0781 -357.3333
160.0781 -355.9999
2485.213 906
-941.793 186
-941.793 186
-941.793 186
-936.457 174
-928.4531 158
-923.1172 143.3333
-916.4473 131.3333
-908.4434 118
-904.4414 112.6667
-900.4395 100.6667
-897.7715 91.33331
-897.7715 84.66669
-897.7715 78
-893.7695 71.33331
-889.7676 63.33331
-885.7656 54
-879.0957 34
-873.7598 18
-865.7559 3.333313
-857.752 -12.66669
-849.748 -31.33331
-843.0781 -48.66669
-836.4082 -60.66669
-832.4063 -75.33331
-825.7363 -90
-821.7344 -100.6667
-816.3984 -111.3333
-812.3965 -120.6667
-805.7266 -132.6667
-800.3906 -148.6667
-797.7227 -154
-795.0547 -162
-791.0527 -172.6667
-788.3848 -179.3333
-784.3828 -190
-780.3809 -199.3333
-779.0469 -202
-779.0469 -202
-777.7129 -204.6667
-776.3789 -204.6667
-776.3789 -204.6667
-776.3789 -204.6667
-776.3789 -204.6667
-776.3789 -206
-776.3789 -206
-776.3789 -206
-776.3789 -206
-776.3789 -204.6667
1543.42 1092
5.335938 -12
13.33984 -28
18.67578 -42.66675
25.3457 -54.66675
33.34961 -68
37.35156 -73.33331
41.35352 -85.33331
44.02148 -94.66669
44.02148 -101.3333
44.02148 -108
48.02344 -114.6667
52.02539 -122.6667
56.02734 -132
62.69727 -152
68.0332 -168
76.03711 -182.6667
84.04102 -198.6667
92.04492 -217.3333
98.71484 -234.6667
105.3848 -246.6667
109.3867 -261.3333
116.0566 -276
120.0586 -286.6667
125.3945 -297.3333
129.3965 -306.6667
136.0664 -318.6667
141.4023 -334.6667
144.0703 -340
146.7383 -348
150.7402 -358.6667
153.4082 -365.3333
157.4102 -376
161.4121 -385.3333
162.7461 -388
162.7461 -388
164.0801 -390.6667
165.4141 -390.6667
165.4141 -390.6667
165.4141 -390.6667
165.4141 -390.6667
165.4141 -392
165.4141 -392
165.4141 -392
165.4141 -392
165.4141 -390.6667
2275.777 38.66663
-817.7324 813.3334
-816.3984 813.3334
-808.3945 814.6667
-796.3887 813.3334
-780.3809 813.3334
-759.0371 814.6667
-727.0215 817.3334
-701.6758 818.6667
-687.002 820.0001
-672.3281 820.0001
-662.9902 821.3334
-653.6523 821.3334
-646.9824 822.6667
-640.3125 822.6667
-634.9766 822.6667
-628.3066 822.6667
-624.3047 822.6667
-620.3027 822.6667
-618.9688 821.3334
-618.9688 821.3334
-618.9688 821.3334
-617.6348 821.3334
-617.6348 821.3334
-617.6348 821.3334
-617.6348 821.3334
-617.6348 821.3334
-617.6348 821.3334
1459.379 852
8.003906 1.333313
20.00977 0
36.01758 0
57.36133 1.333313
89.37695 4
114.7227 5.333313
129.3965 6.666687
144.0703 6.666687
153.4082 8
162.7461 8
169.416 9.333313
176.0859 9.333313
181.4219 9.333313
188.0918 9.333313
192.0938 9.333313
196.0957 9.333313
197.4297 8
197.4297 8
197.4297 8
198.7637 8
198.7637 8
198.7637 8
198.7637 8
198.7637 8
198.7637 8
1894.258 848
0 5.333313
-1.333984 13.33331
-5.335938 16
-10.67188 16
-45.35547 -12
-61.36328 -42.66669
-65.36523 -54.66669
-68.0332 -72
-70.70117 -89.33331
-70.70117 -100
-68.0332 -113.3333
-66.69922 -120
-62.69727 -125.3333
-58.69531 -126.6667
-54.69336 -128
-46.68945 -126.6667
-38.68555 -120
-32.01563 -112
-26.67969 -108
-21.34375 -101.3333
-14.67383 -88
-9.337891 -74.66669
-4.001953 -58.66669
2.667969 -46.66669
10.67188 -28
14.67383 -16
20.00977 -5.333313
22.67773 2.666687
25.3457 6.666687
29.34766 14.66669
32.01563 20
33.34961 24
34.68359 25.33331
32.01563 14.66669
26.67969 1.333313
22.67773 -12
16.00781 -29.33331
6.669922 -52
2.667969 -65.33331
-1.333984 -85.33331
-4.001953 -100
-5.335938 -109.3333
-5.335938 -118.6667
-4.001953 -126.6667
-2.667969 -134.6667
-1.333984 -137.3333
0 -140
2.667969 -140
5.335938 -140
9.337891 -137.3333
14.67383 -132
20.00977 -125.3333
26.67969 -114.6667
33.34961 -101.3333
37.35156 -92
40.01953 -89.33331
41.35352 -86.66669
42.6875 -82.66669
44.02148 -81.33331
44.02148 -78.66669
44.02148 -77.33331
44.02148 -77.33331
44.02148 -77.33331
1364.666 184
1552.758 1088
0 2.666748
0 -2.666748
-1.333984 -10.66675
-8.003906 -18.66675
-13.33984 -29.33325
-17.3418 -36
-24.01172 -46.66675
-32.01563 -65.33331
-60.0293 -114.6667
-73.36914 -144
-90.71094 -180
-109.3867 -225.3333
-122.7266 -253.3333
-130.7305 -277.3333
-138.7344 -294.6667
-149.4063 -320
-158.7441 -346.6667
-166.748 -360
-168.082 -362.6667
-168.082 -362.6667
-169.416 -362.6667
1564.764 1070.667
2.667969 4
6.669922 1.333252
8.003906 -12
14.67383 -34.66675
22.67773 -53.33344
37.35156 -100.0001
52.02539 -154.6667
80.03906 -220.0001
89.37695 -245.3334
97.38086 -269.3334
104.0508 -286.6667
113.3887 -308.0001
120.0586 -322.6667
124.0605 -330.6667
126.7285 -334.6667
130.7305 -342.6667
133.3984 -349.3334
133.3984 -350.6667
133.3984 -350.6667
133.3984 -352.0001
134.7324 -352.0001
134.7324 -353.3334
134.7324 -354.6667
134.7324 -356.0001
134.7324 -357.3334
1439.369 842.6667
1.333984 2.666626
4.001953 4
10.67188 8
21.34375 12
33.34961 12
48.02344 8
61.36328 4
94.71289 -1.333374
125.3945 -1.333374
148.0723 4
160.0781 6.666626
165.4141 6.666626
170.75 5.333313
174.752 5.333313
177.4199 5.333313
180.0879 5.333313
184.0898 4
188.0918 4
189.4258 4
190.7598 2.666626
194.7617 2.666626
197.4297 4
198.7637 4
200.0977 4
202.7656 4
205.4336 4
206.7676 4
206.7676 5.333313
208.1016 5.333313
208.1016 5.333313
208.1016 5.333313
209.4355 5.333313
209.4355 5.333313
209.4355 5.333313
209.4355 5.333313
1931.609 813.3333
-2.667969 0
-4.001953 22.66669
-18.67578 33.33337
-30.68164 34.66669
-49.35742 25.33337
-62.69727 16
-76.03711 -10.66663
-78.70508 -24
-78.70508 -64
-76.03711 -82.66663
-66.69922 -97.33331
-58.69531 -105.3333
-46.68945 -100
-21.34375 -65.33331
2.667969 -13.33331
4.001953 1.333374
1.333984 6.666687
0 8
-1.333984 4
-2.667969 -2.666626
-4.001953 -6.666626
-8.003906 -16
-12.00586 -34.66663
-14.67383 -61.33331
-16.00781 -77.33331
-13.33984 -94.66663
-10.67188 -110.6666
-9.337891 -116
-8.003906 -117.3333
-4.001953 -116
1.333984 -110.6666
6.669922 -101.3333
9.337891 -92
10.67188 -86.66663
10.67188 -81.33331
2613.275 668
-693.6719 154.6667
-695.0059 157.3333
-697.6738 157.3333
-699.0078 160
-703.0098 162.6667
-708.3457 165.3333
-713.6816 168
-720.3516 169.3333
-733.6914 168
-751.0332 140
-768.375 116
-771.043 92
-761.7051 62.66669
-752.3672 49.33331
-736.3594 45.33331
-716.3496 62.66669
-701.6758 120
-699.0078 152
-701.6758 162.6667
-705.6777 153.3333
-713.6816 106.6667
-700.3418 61.33331
-692.3379 57.33331
-691.0039 57.33331
-687.002 76
-688.3359 112
-689.6699 112
-691.0039 110.6667
-692.3379 104
-692.3379 85.33331
-689.6699 66.66669
-681.666 62.66669
-673.6621 65.33331
-672.3281 62.66669
-670.9941 61.33331
-665.6582 72
1540.752 1092
0 4
0 5.333252
-2.667969 -1.333252
-10.67188 -13.33325
-18.67578 -32
-25.3457 -45.33325
-29.34766 -57.33325
-41.35352 -81.33331
-62.69727 -146.6667
-78.70508 -188
-94.71289 -228
-102.7168 -244
-113.3887 -261.3333
-120.0586 -284
-129.3965 -305.3333
-140.0684 -333.3333
-148.0723 -349.3333
-154.7422 -365.3333
-160.0781 -381.3333
-161.4121 -390.6667
1538.084 1061.333
2.667969 -1.333252
10.67188 -16
21.34375 -33.33325
34.68359 -46.66656
54.69336 -82.66656
72.03516 -135.9999
74.70313 -159.9999
82.70703 -181.3333
89.37695 -195.9999
94.71289 -206.6666
133.3984 -287.9999
142.7363 -310.6666
148.0723 -319.9999
154.7422 -327.9999
156.0762 -330.6666
158.7441 -335.9999
161.4121 -341.3333
162.7461 -346.6666
164.0801 -349.3333
164.0801 -353.3333
1434.033 852
13.33984 -1.333313
37.35156 2.666687
60.0293 5.333313
80.03906 0
100.0488 -2.666687
118.7246 -2.666687
140.0684 0
153.4082 1.333313
165.4141 -1.333313
174.752 -4
185.4238 -9.333313
193.4277 -10.66669
1559.428 1072
0 1.333252
6.669922 -8
21.34375 -29.33325
33.34961 -50.66669
45.35547 -77.33331
56.02734 -104
77.37109 -148
93.37891 -193.3333
106.7188 -240
122.7266 -293.3333
132.0645 -325.3333
136.0664 -338.6667
138.7344 -346.6667
140.0684 -352
140.0684 -357.3333
140.0684 -357.3333
140.0684 -358.6667
141.4023 -364
141.4023 -368
141.4023 -368
141.4023 -368
1447.373 865.3333
1.333984 -4
14.67383 -6.666626
28.01367 -9.333313
44.02148 -10.66663
60.0293 -10.66663
72.03516 -13.33331
82.70703 -14.66663
121.3926 -14.66663
152.0742 -14.66663
160.0781 -14.66663
168.082 -14.66663
172.084 -16
177.4199 -17.33331
182.7559 -18.66663
184.0898 -18.66663
185.4238 -18.66663
186.7578 -18.66663
186.7578 -17.33331
186.7578 -17.33331
186.7578 -17.33331
186.7578 -17.33331
1922.271 810.6667
0 5.333313
-2.667969 13.33331
-24.01172 33.33331
-48.02344 26.66663
-65.36523 -8
-74.70313 -32
-77.37109 -48
-76.03711 -60
-66.69922 -68
-58.69531 -72
-53.35938 -74.66669
-50.69141 -76
-48.02344 -76
-44.02148 -72
-40.01953 -66.66669
1935.611 810.6667
-2.667969 9.333313
-12.00586 -6.666687
-22.67773 -58.66669
-26.67969 -110.6667
-18.67578 -132.0001
1926.273 801.3333
-8.003906 18.66669
-26.67969 33.33337
-46.68945 26.66669
-68.0332 -101.3333
-49.35742 -97.33331
-16.00781 -38.66663
9.337891 24
6.669922 40
-10.67188 4
-20.00977 -61.33331
-13.33984 -93.33331
4.001953 -80
1922.271 800
0 10.66669
0 22.66669
-8.003906 33.33331
-24.01172 38.66669
-40.01953 40
-53.35938 28
-68.0332 -2.666687
-72.03516 -46.66669
-58.69531 -72
-38.68555 -74.66669
1923.605 821.3333
-12.00586 9.333374
-29.34766 20
-50.69141 16
-69.36719 -8
-84.04102 -38.66663
-69.36719 -108
-30.68164 -68
-16.00781 -26.66663
-10.67188 -6.666626
-10.67188 1.333374
-13.33984 0
-24.01172 -25.33331
-30.68164 -74.66663
-33.34961 -109.3333
-25.3457 -121.3333
1926.273 829.3333
-17.3418 18.66669
-45.35547 14.66669
-73.36914 -33.33331
-82.70703 -88
-66.69922 -110.6666
-42.6875 -97.33331
9.337891 -9.333313
13.33984 28
-10.67188 -26.66663
-13.33984 -90.66663
6.669922 -93.33331
1534.082 1090.667
0 -4
-2.667969 -13.3335
-8.003906 -28
-13.33984 -44
-21.34375 -58.66675
-29.34766 -70.66675
-38.68555 -98.66675
-46.68945 -118.6667
-54.69336 -137.3334
-62.69727 -157.3334
-72.03516 -176.0001
-86.70898 -208.0001
-94.71289 -228.0001
-104.0508 -244.0001
-112.0547 -262.6667
-121.3926 -284.0001
-133.3984 -304.0001
-138.7344 -318.6667
-144.0703 -329.3334
-148.0723 -337.3334
-153.4082 -342.6667
-160.0781 -357.3334
-169.416 -378.6667
-174.752 -392.0001
-177.4199 -402.6667
-181.4219 -409.3334
-186.7578 -413.3334
-188.0918 -414.6667
-189.4258 -416.0001
-189.4258 -417.3334
-189.4258 -417.3334
-190.7598 -418.6667
-190.7598 -421.3334
-192.0938 -421.3334
-192.0938 -421.3334
-192.0938 -421.3334
-192.0938 -421.3334
1544.754 1081.333
2.667969 -8
16.00781 -53.33325
29.34766 -87.99994
38.68555 -121.3333
53.35938 -165.3333
62.69727 -183.9999
74.70313 -207.9999
84.04102 -222.6666
90.71094 -234.6666
96.04688 -246.6666
102.7168 -265.3333
121.3926 -309.3333
133.3984 -333.3333
142.7363 -346.6666
149.4063 -363.9999
154.7422 -381.3333
162.7461 -401.3333
165.4141 -410.6666
166.748 -415.9999
168.082 -417.3333
168.082 -418.6666
168.082 -418.6666
168.082 -419.9999
168.082 -421.3333
168.082 -421.3333
168.082 -422.6666
1431.365 846.6667
-1.333984 1.333313
2.667969 1.333313
12.00586 1.333313
25.3457 2.666626
50.69141 0
89.37695 0
106.7188 0
114.7227 0
122.7266 0
129.3965 0
137.4004 1.333313
145.4043 1.333313
152.0742 2.666626
156.0762 2.666626
157.4102 2.666626
158.7441 2.666626
1556.76 1081.333
-1.333984 0
1.333984 -4
5.335938 -17.33325
10.67188 -33.33325
16.00781 -52
25.3457 -78.66656
37.35156 -111.9999
42.6875 -127.9999
49.35742 -147.9999
54.69336 -163.9999
62.69727 -178.6666
68.0332 -198.6666
92.04492 -263.9999
109.3867 -306.6666
122.7266 -333.3333
128.0625 -342.6666
130.7305 -350.6666
134.7324 -361.3333
137.4004 -373.3333
141.4023 -383.9999
142.7363 -390.6666
145.4043 -395.9999
148.0723 -402.6666
148.0723 -405.3333
149.4063 -407.9999
149.4063 -410.6666
150.7402 -410.6666
150.7402 -411.9999
150.7402 -413.3333
150.7402 -413.3333
150.7402 -414.6666
152.0742 -414.6666
1438.035 856
10.67188 1.333313
26.67969 -1.333313
42.6875 -2.666687
77.37109 -4
109.3867 -5.333313
129.3965 -5.333313
138.7344 -5.333313
144.0703 -5.333313
152.0742 -4
158.7441 -4
162.7461 -4
168.082 -2.666687
173.418 -2.666687
182.7559 -1.333313
185.4238 -1.333313
188.0918 -1.333313
189.4258 -2.666687
193.4277 -4
194.7617 -5.333313
196.0957 -5.333313
197.4297 -5.333313
198.7637 -5.333313
198.7637 -5.333313
198.7637 -5.333313
198.7637 -5.333313
198.7637 -5.333313
198.7637 -5.333313
198.7637 -5.333313
198.7637 -5.333313
198.7637 -5.333313
198.7637 -5.333313
198.7637 -5.333313
198.7637 -5.333313
198.7637 -5.333313
198.7637 -5.333313
198.7637 -5.333313
198.7637 -5.333313
198.7637 -5.333313
198.7637 -5.333313
198.7637 -5.333313
198.7637 -5.333313
1423.361 852
0 1.333313
8.003906 -1.333313
25.3457 -1.333313
60.0293 -2.666687
81.37305 -5.333313
104.0508 -4
118.7246 -4
141.4023 -4
164.0801 -2.666687
181.4219 -2.666687
194.7617 -2.666687
206.7676 -1.333313
213.4375 -1.333313
217.4395 -1.333313
222.7754 -1.333313
226.7773 -1.333313
233.4473 -2.666687
234.7813 -2.666687
236.1152 -2.666687
237.4492 -2.666687
237.4492 -2.666687
238.7832 -2.666687
238.7832 -2.666687
240.1172 -2.666687
240.1172 -2.666687
1980.967 830.6667
-557.6055 17.33331
-557.6055 21.33331
-549.6016 22.66663
-536.2617 20
-517.5859 20
-497.5762 17.33331
-441.5488 16
-401.5293 13.33331
-373.5156 13.33331
-350.8379 16
-322.8242 21.33331
-321.4902 21.33331
-320.1563 21.33331
-320.1563 21.33331
-318.8223 21.33331
-317.4883 21.33331
-317.4883 21.33331
-316.1543 21.33331
-316.1543 21.33331
1911.6 833.3333
0 4
-2.667969 10.66669
-6.669922 17.33337
-13.33984 20
-24.01172 20
-30.68164 20
-37.35156 18.66669
-48.02344 12
-62.69727 -1.333313
-69.36719 -10.66663
-74.70313 -17.33331
-77.37109 -21.33331
-80.03906 -28
-82.70703 -33.33331
-84.04102 -36
-84.04102 -38.66663
-85.375 -42.66663
-86.70898 -49.33331
-88.04297 -54.66663
-88.04297 -64
-88.04297 -68
-88.04297 -69.33331
-88.04297 -74.66663
-88.04297 -80
-88.04297 -85.33331
-86.70898 -89.33331
-85.375 -94.66663
-84.04102 -96
-84.04102 -98.66663
-81.37305 -101.3333
-78.70508 -108
-74.70313 -110.6666
-73.36914 -113.3333
-72.03516 -114.6666
-70.70117 -116
-69.36719 -116
-65.36523 -116
-61.36328 -116
-57.36133 -114.6666
-52.02539 -112
-48.02344 -106.6666
-45.35547 -102.6666
-40.01953 -98.66663
-37.35156 -96
-36.01758 -94.66663
-34.68359 -92
-32.01563 -86.66663
-29.34766 -80
-26.67969 -74.66663
-21.34375 -58.66663
-17.3418 -48
-14.67383 -41.33331
-12.00586 -34.66663
-8.003906 -26.66663
-5.335938 -18.66663
-4.001953 -12
0 -1.333313
2.667969 9.333374
6.669922 14.66669
6.669922 17.33337
6.669922 17.33337
6.669922 17.33337
9.337891 21.33337
9.337891 24
9.337891 25.33337
9.337891 25.33337
9.337891 25.33337
12.00586 29.33337
13.33984 33.33337
13.33984 36
9.337891 26.66669
1.333984 6.666687
-4.001953 -13.33331
-12.00586 -36
-17.3418 -50.66663
-20.00977 -65.33331
-20.00977 -81.33331
-20.00977 -92
-20.00977 -97.33331
-17.3418 -101.3333
-16.00781 -105.3333
-13.33984 -113.3333
-10.67188 -116
-6.669922 -117.3333
-4.001953 -117.3333
0 -116
2.667969 -114.6666
8.003906 -108
13.33984 -98.66663
14.67383 -94.66663
16.00781 -89.33331
18.67578 -82.66663
21.34375 -76
22.67773 -72
22.67773 -68
22.67773 -68
22.67773 -66.66663
22.67773 -66.66663
22.67773 -66.66663
22.67773 -65.33331
21.34375 -65.33331
21.34375 -65.33331
20.00977 -65.33331
20.00977 -65.33331
2373.603 688.4445
-4.001953 -17.33344
-8.893311 -29.77783
-23.12256 -42.22223
-27.56909 -53.33337
-29.34766 -60.44452
-32.46045 -65.33337
-35.12842 -68.44452
-39.13037 -71.5556
-838.187 392.8887
-838.187 392.8887
-839.521 391.5555
-839.521 390.2222
-840.855 387.5555
-842.189 383.5555
-843.5229 378.2222
-846.1909 370.2222
-847.5249 367.5555
-848.8589 364.8887
-851.5269 358.2222
-852.8608 352.8887
-854.1948 348.8887
-855.5288 346.2222
-858.1968 340.8887
-860.8647 336.8887
-864.8667 331.5555
-867.5347 324.8888
-870.2026 315.5555
-875.5386 302.2222
-882.2085 283.5555
-888.8784 270.2222
-896.8823 250.2222
-903.5522 234.2222
-911.5562 220.8888
-919.5601 206.2222
-930.2319 186.2222
-944.9058 155.5555
-952.9097 136.8888
-960.9136 116.8888
-970.2515 102.2222
-979.5894 90.22217
-988.9272 72.88879
-994.2632 59.55548
-1002.267 46.22217
-1004.935 43.55548
-1004.935 42.22217
-1004.935 40.88879
-1004.935 38.22217
-1006.269 34.22217
-1007.603 31.55548
-1008.937 26.22217
-1008.937 24.88879
-1008.937 24.88879
1535.416 1081.333
-1.333984 -1.333252
-1.333984 -2.666504
-2.667969 -5.333252
-4.001953 -9.333252
-5.335938 -14.6665
-8.003906 -22.6665
-9.337891 -25.33325
-10.67188 -28
-13.33984 -34.6665
-14.67383 -40
-16.00781 -44
-17.3418 -46.6665
-20.00977 -52
-22.67773 -56
-26.67969 -61.33325
-29.34766 -67.99994
-32.01563 -77.33325
-37.35156 -90.66656
-44.02148 -109.3333
-50.69141 -122.6666
-58.69531 -142.6666
-65.36523 -158.6666
-73.36914 -171.9999
-81.37305 -186.6666
-92.04492 -206.6666
-106.7188 -237.3333
-114.7227 -255.9999
-122.7266 -275.9999
-132.0645 -290.6666
-141.4023 -302.6666
-150.7402 -319.9999
-156.0762 -333.3333
-164.0801 -346.6666
-166.748 -349.3333
-166.748 -350.6666
-166.748 -351.9999
-166.748 -354.6666
-168.082 -358.6666
-169.416 -361.3333
-170.75 -366.6666
-170.75 -367.9999
-170.75 -367.9999
1535.416 1082.667
5.335938 -10.66675
12.00586 -24
17.3418 -32
24.01172 -38.66675
32.01563 -50.66675
38.68555 -62.66675
48.02344 -97.33344
56.02734 -116.0001
58.69531 -122.6667
61.36328 -130.6667
64.03125 -140.0001
69.36719 -150.6667
77.37109 -166.6667
81.37305 -176.0001
88.04297 -188.0001
94.71289 -204.0001
101.3828 -217.3334
104.0508 -226.6667
108.0527 -233.3334
118.7246 -269.3334
125.3945 -294.6667
129.3965 -305.3334
133.3984 -318.6667
136.0664 -329.3334
138.7344 -336.0001
144.0703 -345.3334
148.0723 -353.3334
150.7402 -356.0001
152.0742 -360.0001
153.4082 -364.0001
156.0762 -368.0001
157.4102 -372.0001
158.7441 -373.3334
158.7441 -373.3334
158.7441 -373.3334
1431.365 844
4.001953 5.333313
26.67969 6.666687
46.68945 4
62.69727 0
80.03906 -2.666687
126.7285 -8
156.0762 -6.666687
178.7539 0
192.0938 2.666687
202.7656 2.666687
209.4355 1.333313
217.4395 1.333313
218.7734 1.333313
221.4414 1.333313
224.1094 1.333313
225.4434 1.333313
228.1113 0
229.4453 -1.333313
229.4453 -1.333313
229.4453 -1.333313
1904.93 841.3333
0 4
0 9.333374
-6.669922 10.66669
-14.67383 12
-24.01172 12
-42.6875 6.666687
-62.69727 -9.333313
-85.375 -82.66663
-85.375 -108
-82.70703 -118.6666
-73.36914 -120
-60.0293 -114.6666
-48.02344 -109.3333
-41.35352 -104
-30.68164 -97.33331
-25.3457 -89.33331
-21.34375 -78.66663
-16.00781 -65.33331
-9.337891 -49.33331
-4.001953 -34.66663
1.333984 -14.66663
8.003906 5.333374
13.33984 14.66669
18.67578 26.66669
21.34375 36
22.67773 38.66669
22.67773 38.66669
21.34375 33.33337
21.34375 32
21.34375 32
21.34375 32
21.34375 32
21.34375 32
21.34375 32
21.34375 32
21.34375 32
21.34375 30.66669
18.67578 28
16.00781 21.33337
12.00586 13.33337
4.001953 -1.333313
-10.67188 -48
-16.00781 -74.66663
-17.3418 -94.66663
-16.00781 -110.6666
-13.33984 -121.3333
-10.67188 -125.3333
-6.669922 -129.3333
0 -130.6666
18.67578 -113.3333
24.01172 -104
29.34766 -98.66663
36.01758 -88
40.01953 -80
42.6875 -73.33331
44.02148 -70.66663
44.02148 -70.66663
44.02148 -70.66663
44.02148 -69.33331
1916.936 845.3333
0 9.333374
-9.337891 14.66669
-34.68359 6.666687
-76.03711 -44
-85.375 -68
-88.04297 -90.66663
-84.04102 -106.6666
-72.03516 -113.3333
-48.02344 -101.3333
-33.34961 -84
-21.34375 -61.33331
-10.67188 -41.33331
-5.335938 -22.66663
1.333984 -10.66663
5.335938 2.666687
6.669922 9.333374
5.335938 9.333374
0 -13.33331
-9.337891 -60
-13.33984 -85.33331
-14.67383 -100
-14.67383 -109.3333
-16.00781 -116
-16.00781 -121.3333
-14.67383 -121.3333
-10.67188 -120
-6.669922 -116
-4.001953 -110.6666
-2.667969 -108
0 -105.3333
4.001953 -101.3333
10.67188 -93.33331
17.3418 -82.66663
20.00977 -77.33331
21.34375 -73.33331
21.34375 -70.66663
21.34375 -69.33331
21.34375 -69.33331
21.34375 -69.33331
21.34375 -70.66663
21.34375 -70.66663
1329.982 150.6666
1520.742 1093.333
5.335938 -5.333252
16.00781 -16
17.3418 -21.33325
2.667969 -52
-56.02734 -141.3333
-69.36719 -173.3333
-89.37695 -222.6666
-102.7168 -271.9999
-114.7227 -310.6666
-133.3984 -361.3333
-142.7363 -381.3333
-150.7402 -393.3333
-152.0742 -401.3333
1543.42 1114.667
-1.333984 -17.3335
29.34766 -120.0001
76.03711 -220.0001
133.3984 -296.0001
150.7402 -330.6667
176.0859 -368.0001
180.0879 -382.6667
180.0879 -382.6667
180.0879 -384.0001
181.4219 -384.0001
181.4219 -384.0001
181.4219 -384.0001
181.4219 -384.0001
181.4219 -384.0001
181.4219 -384.0001
181.4219 -384.0001
182.7559 -384.0001
184.0898 -385.3334
1419.359 878.6667
-14.67383 5.333313
12.00586 1.333313
49.35742 -4
92.04492 -6.666687
156.0762 -12
218.7734 -12
244.1191 -12
245.4531 -12
245.4531 -12
245.4531 -12
246.7871 -12
246.7871 -12
246.7871 -12
248.1211 -12
248.1211 -12
248.1211 -12
248.1211 -12
249.4551 -12
250.7891 -12
1594.111 1178.667
-5.335938 1.333252
-14.67383 -37.3335
-52.02539 -125.3335
-74.70313 -186.6667
-104.0508 -270.6667
-122.7266 -313.3334
-145.4043 -366.6667
-169.416 -426.6667
-180.0879 -444.0001
-182.7559 -446.6667
-184.0898 -446.6667
-184.0898 -446.6667
-184.0898 -446.6667
-184.0898 -446.6667
-184.0898 -446.6667
-184.0898 -448.0001
-184.0898 -448.0001
1551.424 1121.333
-9.337891 -9.333252
13.33984 -66.6665
29.34766 -97.33325
53.35938 -145.3333
90.71094 -233.3333
124.0605 -310.6666
149.4063 -345.3333
158.7441 -365.3333
160.0781 -369.3333
161.4121 -369.3333
162.7461 -370.6666
164.0801 -371.9999
165.4141 -373.3333
165.4141 -373.3333
165.4141 -373.3333
165.4141 -373.3333
165.4141 -373.3333
165.4141 -373.3333
165.4141 -373.3333
165.4141 -373.3333
165.4141 -373.3333
165.4141 -373.3333
165.4141 -373.3333
