1174 822.9999
-9 -13.99988
-9 -13.99988
-12 -24
-19 -33.99994
-19 -33.99994
-27 -42
-27 -42
-32 -51
-39 -60.99994
-39 -60.99994
-46 -73.99994
-46 -73.99994
-50 -82.99994
-50 -82.99994
-56 -90.99994
-59 -97.99994
-59 -97.99994
-64 -107.9999
-64 -107.9999
-68 -117.9999
-68 -117.9999
-73 -128.9999
-78 -141.9999
-80 -149.9999
-85 -160.9999
-92 -175.9999
-99 -189.9999
-104 -200.9999
-107 -210.9999
-111 -220.9999
-113 -229.9999
-116 -237.9999
-116 -237.9999
-118 -243.9999
-120 -249.9999
-120 -249.9999
-122 -255.9999
-122 -255.9999
-125 -261.9999
-126 -265.9999
-126 -265.9999
-126 -268.9999
-126 -268.9999
-127 -271.9999
-128 -274.9999
-128 -274.9999
-130 -277.9999
-130 -277.9999
-130 -277.9999
-130 -277.9999
-130 -277.9999
-130 -277.9999
1168 816.9999
7 -9
7 -9
9 -18.99994
14 -30
14 -30
19 -42
25 -55.99994
25 -55.99994
30 -72.99994
35 -87.99994
35 -87.99994
40 -100.9999
45 -113.9999
45 -113.9999
49 -126.9999
49 -126.9999
53 -136.9999
56 -146.9999
56 -146.9999
59 -157.9999
59 -157.9999
64 -168.9999
68 -179.9999
68 -179.9999
73 -192.9999
73 -192.9999
79 -202.9999
84 -213.9999
84 -213.9999
89 -223.9999
93 -232.9999
93 -232.9999
98 -241.9999
98 -241.9999
101 -247.9999
104 -254.9999
104 -254.9999
108 -260.9999
108 -260.9999
111 -267.9999
113 -273.9999
116 -278.9999
116 -278.9999
118 -283.9999
118 -283.9999
119 -286.9999
120 -287.9999
120 -287.9999
121 -288.9999
121 -288.9999
121 -289.9999
121 -289.9999
121 -289.9999
1172 816.9999
7 -4.999878
7 -4.999878
11 -15.99994
11 -15.99994
18 -28.99988
25 -42.99994
25 -42.99994
30 -56.99994
35 -70.99994
35 -70.99994
40 -82.99994
40 -82.99994
44 -95.99994
47 -108.9999
47 -108.9999
53 -122.9999
53 -122.9999
58 -133.9999
62 -143.9999
62 -143.9999
66 -152.9999
70 -164.9999
70 -164.9999
74 -174.9999
74 -174.9999
77 -183.9999
81 -191.9999
81 -191.9999
85 -198.9999
89 -204.9999
89 -204.9999
92 -211.9999
92 -211.9999
95 -218.9999
99 -224.9999
99 -224.9999
101 -230.9999
104 -235.9999
104 -235.9999
107 -240.9999
107 -240.9999
109 -247.9999
112 -252.9999
112 -252.9999
114 -257.9999
117 -263.9999
117 -263.9999
119 -267.9999
119 -267.9999
120 -270.9999
121 -271.9999
121 -272.9999
121 -272.9999
121 -273.9999
121 -273.9999
121 -273.9999
1078 640
19 -3
19 -3
37 -3
50 -4
50 -4
64 -4
77 -4
77 -4
86 -4
86 -4
94 -4
102 -4
102 -4
114 -4
127 -4
127 -4
140 -4
140 -4
148 -4
154 -4
154 -4
158 -4
158 -4
161 -4
161 -4
164 -4
166 -4
166 -4
166 -4
167 -4
167 -4
167 -4
167 -4
167 -4
1080 640
9 -2
26 -2
45 -2
45 -2
64 -2
64 -2
84 -3
97 -3
97 -3
108 -3
108 -3
118 -3
129 -3
129 -3
139 -3
139 -3
147 -3
157 -3
157 -3
167 -3
167 -3
175 -3
180 -3
180 -3
183 -4
185 -4
185 -4
185 -4
185 -4
185 -4
185 -4
185 -4
1442 620
-11 16
-11 16
-17 16
-30 12
-30 12
-43 1
-43 1
-56 -14
-66 -27
-66 -27
-69 -36
-69 -36
-69 -42
-69 -42
-69 -50
-69 -50
-69 -57
-69 -64
-69 -64
-68 -70
-68 -70
-64 -75
-62 -77
-62 -77
-59 -79
-59 -79
-55 -79
-49 -79
-49 -79
-41 -73
-41 -73
-33 -64
-23 -51
-23 -51
-18 -39
-18 -39
-14 -30
-11 -21
-11 -21
-9 -12
-6 -3
-6 -3
-4 3
-4 3
-3 7
-2 10
-2 10
-1 11
-1 12
-1 12
-1 12
-1 12
-1 12
-1 11
-1 11
-1 9
-1 9
-1 3
-1 -13
-1 -13
-5 -31
-9 -43
-9 -43
-11 -51
-13 -59
-13 -59
-13 -67
-13 -67
-14 -74
-14 -74
-14 -80
-14 -84
-14 -87
-14 -87
-14 -88
-14 -88
-13 -88
-13 -88
-11 -88
-9 -88
-9 -88
-5 -84
-5 -84
3 -75
9 -67
9 -67
15 -62
15 -62
19 -59
19 -58
19 -58
19 -57
19 -57
19 -57
