438 957.9999
-8 -12
-20 -27
-20 -27
-33 -43.99988
-33 -43.99988
-44 -60.99994
-51 -72.99994
-51 -72.99994
-53 -78
-53 -78
-54 -78.99994
-54 -78.99994
445 953.0001
3 -11.00006
3 -11.00006
3 -28.00012
3 -28.00012
4 -53.00006
5 -70.00012
5 -70.00012
5 -81
5 -81
5 -83.00006
5 -83.00006
5 -83.00006
5 -83.00006
406 909
15 2.000061
15 2.000061
31 2.000061
31 2.000061
44 0.999939
683 909.9999
-15 14.00006
-28 14.00006
-44 1.000122
-44 1.000122
-53 -12.99994
-53 -12.99994
-56 -24.99994
-56 -24.99994
-56 -33
-56 -33
-48 -37.99988
-48 -37.99988
-36 -39
-36 -39
-23 -39
-10 -30.99994
-10 -30.99994
-1 -12
-1 -12
1 1.000122
1 1.000122
1 4.000122
1 4.000122
1 4.000122
1 4.000122
-1 -0.999939
-1 -0.999939
-5 -15
-5 -28.99988
-5 -28.99988
-4 -36
-4 -36
0 -40.99988
0 -40.99988
906 948.9999
-9 -10.99988
-23 -36.99994
-39 -63.99994
-52 -81.99994
-56 -90
924 969.9999
-3 -16.99988
-2 -30.99994
-2 -30.99994
2 -49.99988
2 -49.99988
6 -72.99994
6 -72.99994
7 -94.99988
7 -94.99988
7 -108
7 -108
7 -114.9999
7 -114.9999
7 -115.9999
7 -115.9999
890 906
9 3.999939
9 3.999939
21 3.999939
33 3.999939
33 3.999939
591 795.9999
-11 -21
-11 -21
-29 -49.99994
-29 -49.99994
-43 -74.99994
-51 -91.99994
-51 -91.99994
-55 -102.9999
-55 -102.9999
-56 -105.9999
-56 -105.9999
609 807
3 -18
3 -18
6 -36.99994
6 -36.99994
8 -60
8 -60
10 -83
10 -83
12 -102
13 -113
13 -113
13 -120
13 -120
14 -122
14 -122
566 722
20 4
20 4
41 9
41 9
54 12
54 12
659 752
-2 -21
-2 -21
-6 -42
-14 -56
-14 -56
-15 -58
-15 -58
-15 -56
-15 -56
-9 -42
-9 -42
2 -26
2 -26
14 -15
26 -9
26 -9
34 -8
34 -8
40 -16
40 -16
42 -31
42 -31
42 -47
42 -57
42 -57
42 -60
42 -60
722 738
5 0
5 0
22 2
22 2
34 5
44 5
44 5
748 773.0001
-2 -10.00006
-2 -24.00006
-2 -24.00006
-5 -46.00006
-5 -46.00006
-6 -63.00006
-6 -63.00006
-5 -73.00006
-5 -73.00006
8 -76.00006
24 -73.00006
24 -73.00006
35 -67.00006
35 -67.00006
42 -63.00006
42 -63.00006
450 960.9999
-5 -12
-15 -31.99988
-15 -31.99988
-27 -54.99994
-27 -54.99994
-37 -72.99994
-44 -81
-44 -81
-44 -85.99988
-44 -85.99988
450 968.0001
4 -19.00012
4 -19.00012
9 -44.00006
13 -71.00006
13 -71.00006
16 -88.00012
16 -88.00012
19 -96
19 -96
19 -99
428 905.0001
14 0.999939
14 0.999939
29 0.999939
29 0.999939
678 906.9999
-10 17.00006
-10 17.00006
-29 17.00006
-29 17.00006
-48 2.000061
-48 2.000061
-61 -18.99994
-61 -18.99994
-63 -34.99988
-63 -34.99988
-58 -45.99994
-42 -46.99988
-42 -46.99988
-24 -36.99994
-24 -36.99994
-14 -18.99994
-14 -18.99994
-10 -3
-10 -3
-10 1.000122
-10 1.000122
-10 2.000061
-10 -3
-10 -3
-10 -18
-10 -18
-2 -30.99994
-2 -30.99994
8 -39
8 -39
897 948.9999
-9 -9
-27 -42.99994
-27 -42.99994
-43 -66.99994
-43 -66.99994
-46 -73.99988
-46 -73.99988
906 957.9999
3 -12.99994
7 -39
7 -39
11 -69.99994
11 -69.99994
14 -93
14 -93
14 -102.9999
14 -105
14 -105
872 894.9999
17 4.000122
17 4.000122
35 4.000122
35 4.000122
610 797.0001
-6 -9
-6 -9
-27 -48.00006
-53 -91.00006
-53 -91.00006
-67 -114.0001
-67 -114.0001
-70 -120.0001
-70 -120.0001
595 788.0001
6 -20.00006
14 -46.00006
14 -46.00006
22 -72.00006
22 -72.00006
28 -91.00006
28 -91.00006
30 -101.0001
30 -101.0001
571 723
20 2
20 2
36 2
653 734
1 -14
1 -34
1 -34
1 -41
1 -41
1 -39
1 -39
1 -24
10 -8
10 -8
26 8
26 8
34 10
34 10
38 10
38 10
45 -12
45 -12
45 -34
45 -44
45 -44
45 -46
45 -46
717 733
10 1
10 1
16 1
31 2
31 2
741 770.0001
0 -15.00006
-1 -38.00006
-5 -57.00006
-7 -83.00006
-5 -93.00006
16 -89.00006
37 -72.00006
44 -67.00006
44 -67.00006
431 957.9999
-6 -12.99994
-6 -12.99994
-19 -33.99994
-30 -54
-30 -54
-37 -69.99994
-37 -69.99994
-44 -82.99988
-44 -82.99988
-46 -87.99994
-46 -87.99994
423 953.0001
12 -18
18 -35.00006
18 -35.00006
22 -48
22 -48
26 -57
26 -57
27 -66
28 -76.00012
28 -76.00012
28 -81
28 -81
411 908.0001
11 0
11 0
21 0
21 0
684 906
-7 15
-7 15
-16 18
-16 18
-28 18.99994
-28 18.99994
-45 8.000061
-59 -11.00006
-59 -11.00006
-61 -24.99994
-59 -33.99994
-59 -33.99994
-42 -36
-42 -36
-24 -33.99994
-24 -33.99994
-9 -21.99994
-9 -21.99994
-1 -9
-1 -9
0 0
0 3
0 3
0 3
0 3
-1 -2.000061
-1 -2.000061
-1 -18
-1 -18
-1 -32.00006
-1 -32.00006
2 -39.99994
2 -39.99994
608 801.9999
-7 -6.999939
-7 -6.999939
-14 -27
-14 -27
-35 -64.99994
-35 -64.99994
-51 -91.99994
-51 -91.99994
-57 -108.9999
-58 -117.9999
-58 -117.9999
620 786.9999
1 -16.99988
1 -16.99988
5 -47.99994
5 -47.99994
6 -72.99994
6 -72.99994
7 -85.99994
7 -85.99994
7 -88.99994
576 725
13 3
23 3
23 3
35 3
35 3
654 740
4 -11
4 -11
4 -25
4 -25
1 -40
1 -40
-1 -43
-1 -43
-1 -43
-1 -32
-1 -32
5 -14
5 -14
14 -4
14 -4
20 -1
20 -1
24 -1
24 -1
29 -9
29 -9
32 -25
32 -25
32 -39
32 -45
32 -45
32 -50
32 -50
32 -54
32 -54
700 734
18 0
18 0
42 4
42 4
53 7
53 7
727 770.0001
-2 -4.000061
-2 -4.000061
-3 -28.00006
-5 -52.00006
-5 -52.00006
-5 -69.00006
-5 -69.00006
0 -72.00006
0 -72.00006
15 -72.00006
15 -72.00006
25 -70.00006
25 -70.00006
440 959.0001
-5 -7.000122
-12 -26.00006
-12 -26.00006
-33 -59.00006
-33 -59.00006
-49 -80.00006
-49 -80.00006
-56 -93
440 978.9999
3 -13.99988
3 -13.99988
10 -45
16 -78.99994
16 -78.99994
23 -103.9999
23 -103.9999
26 -117.9999
26 -117.9999
411 903.9999
6 -0.999939
25 -0.999939
25 -0.999939
686 908.0001
-3 10.99988
-3 10.99988
-14 10.99988
-30 6
-30 6
-41 -10.00012
-41 -10.00012
-41 -23.00006
-41 -23.00006
-37 -33
-22 -35.00006
-22 -35.00006
-9 -27
-9 -27
-3 -13.00012
-3 -13.00012
-3 -8.000061
-3 -8.000061
-3 -8.000061
-3 -8.000061
-2 -8.000061
1 -19.00012
1 -19.00012
9 -33
9 -33
21 -42
21 -42
921 954.9999
-6 -9
-6 -9
-18 -36
-39 -69.99994
-39 -69.99994
-47 -82.99988
-47 -82.99988
921 957.9999
4 -3
4 -3
7 -15.99994
13 -43.99988
13 -43.99988
16 -78.99994
16 -78.99994
17 -103.9999
17 -103.9999
891 908.0001
21 0.999939
21 0.999939
44 0.999939
44 0.999939
602 777
-18 -19
-18 -19
-41 -59
-55 -86
-55 -86
-58 -93
-58 -93
595 780
4 -2.000061
4 -2.000061
6 -26
6 -26
12 -55
12 -55
17 -85
17 -85
20 -99
567 727
16 2
16 2
38 2
51 2
51 2
650 743
-1 -8
-1 -8
-5 -34
-5 -34
-12 -53
-12 -53
-14 -56
-13 -48
-13 -48
2 -21
2 -21
12 -9
12 -9
17 -8
17 -8
21 -8
21 -8
25 -21
25 -21
27 -38
27 -38
27 -48
27 -48
27 -49
692 730
7 4
7 4
18 4
18 4
30 6
30 6
48 11
738 774.9999
-6 -9.999939
-12 -35.99994
-25 -65.99994
-26 -79.99994
-11 -80.99994
23 -64.99994
39 -51.99994
444 957.9999
-4 -15
-4 -15
-19 -43.99988
-19 -43.99988
-33 -67.99988
-33 -67.99988
-39 -81.99994
-43 -90.99994
-43 -90.99994
-43 -93
-43 -93
455 968.0001
3 -5.000061
3 -5.000061
3 -20.00006
3 -20.00006
3 -47.00006
5 -74.00006
5 -74.00006
9 -93
9 -93
12 -102
13 -102
13 -102
423 900
22 0
22 0
36 0
36 0
692 908.0001
-8 12.99994
-8 12.99994
-17 12.99994
-17 12.99994
-33 9.999939
-50 -5.000061
-50 -5.000061
-58 -18
-58 -18
-58 -32.00006
-58 -32.00006
-54 -42
-54 -42
-46 -46.00012
-46 -46.00012
-38 -44.00006
-38 -44.00006
-31 -29.00006
-26 -10.00012
-26 -10.00012
-23 7.999878
-23 7.999878
-21 10.99988
-21 10.99988
-21 10.99988
-21 10.99988
-21 -4.000122
-21 -4.000122
-21 -23.00006
-14 -33
-14 -33
-6 -37.00012
-6 -37.00012
904 951
-4 -9
-4 -9
-11 -24
-11 -24
-27 -51
-27 -51
-37 -71.00006
-37 -71.00006
-41 -75.99994
-41 -77.00006
-41 -77.00006
907 963
3 -6.999939
3 -6.999939
3 -18.99994
3 -18.99994
6 -41.00006
6 -41.00006
11 -72.99994
11 -72.99994
14 -93
14 -93
14 -99
14 -99
882 905.0001
6 0.999939
19 0.999939
19 0.999939
29 0.999939
29 0.999939
1168 917.0001
-22 18
-22 18
-34 15.99994
-34 15.99994
-47 1.999878
-52 -14.00006
-52 -32.00006
-52 -32.00006
-49 -45
-49 -45
-43 -49.00012
-43 -49.00012
-32 -48
-32 -48
-23 -31.00012
-23 -31.00012
-18 -12
-18 1.999878
-18 1.999878
-18 7.999878
-18 7.999878
-18 9
-18 9
-18 6
-18 6
-18 -12
-11 -28.00012
-11 -28.00012
-2 -37.00012
-2 -37.00012
1361 951.9999
-7 -12
-7 -12
-20 -33.99994
-20 -33.99994
-31 -54
-31 -54
-39 -69.99994
-43 -78
-43 -78
-44 -81
-44 -81
1361 969.9999
3 -4.999878
3 -4.999878
5 -19.99988
11 -42
11 -42
17 -66
17 -66
21 -81
21 -81
23 -90
25 -93.99994
25 -93.99994
1335 900
18 3.999939
18 3.999939
43 12
43 12
1621 906.9999
-14 21
-14 21
-36 22.00012
-36 22.00012
-57 12
-57 12
-69 -12
-69 -12
-71 -30.99994
-71 -30.99994
-71 -42.99994
-63 -45.99994
-63 -45.99994
-51 -45.99994
-51 -45.99994
-39 -27.99994
-39 -27.99994
-28 -1.999878
-28 -1.999878
-21 12
-21 12
-20 12
-20 12
-20 12
-19 -0.999939
-19 -0.999939
-15 -13.99988
-15 -13.99988
-6 -24.99994
-6 -24.99994
5 -30.99994
5 -30.99994
573 795
2 -3.999939
2 -3.999939
-10 -28
-10 -28
-31 -64
-31 -64
-45 -90
-49 -104
-49 -104
-50 -107
-50 -107
578 801.9999
3 -9
3 -9
7 -25.99988
14 -58.99994
14 -58.99994
18 -91.99994
18 -91.99994
21 -113.9999
21 -113.9999
21 -119.9999
21 -119.9999
547 720
8 5
8 5
34 6
628 747
2 -8
2 -8
2 -22
2 -22
0 -39
0 -39
-4 -51
-4 -52
-4 -52
-4 -51
-4 -51
-4 -41
-4 -41
8 -23
8 -23
26 -5
31 -2
31 -2
37 -2
37 -2
40 -15
42 -37
42 -37
42 -59
42 -59
40 -66
40 -66
40 -66
40 -66
682 740
8 3
27 4
27 4
36 7
36 7
708 771.9999
-2 -4.999939
-2 -4.999939
-2 -26.99994
-2 -26.99994
-6 -47.99994
-6 -47.99994
-6 -61.99994
-6 -61.99994
2 -68.99994
2 -68.99994
18 -68.99994
30 -63.99994
30 -63.99994
36 -61.99994
36 -61.99994
1266 786.9999
-8 -9
-8 -9
-14 -25.99994
-14 -25.99994
-28 -57.99994
-28 -57.99994
-42 -90.99994
-53 -109.9999
-53 -109.9999
-54 -110.9999
-54 -110.9999
1269 797.0001
6 -15
6 -15
10 -40.00006
13 -64.00006
13 -64.00006
15 -81.00006
15 -81.00006
17 -95.00006
17 -95.00006
17 -107.0001
17 -107.0001
1242 723
10 2
10 2
29 2
29 2
47 6
47 6
58 8
1315 739
2 -7
2 -19
2 -19
0 -30
0 -30
-1 -38
-1 -38
-3 -41
-3 -41
-4 -41
-5 -40
-5 -40
-5 -29
-5 -29
6 -10
6 -10
16 0
16 0
22 2
22 2
25 2
25 2
29 -8
29 -28
29 -28
29 -46
29 -46
28 -54
28 -54
28 -54
28 -54
1356 725
7 4
7 4
23 5
43 14
43 14
58 20
58 20
1391 771.9999
0 -4.999939
0 -4.999939
0 -31.99994
0 -31.99994
-4 -53.99994
-4 -53.99994
-4 -67.99994
-4 -67.99994
0 -71.99994
18 -71.99994
18 -71.99994
28 -68.99994
28 -68.99994
628 627
-3 -11
-3 -11
-10 -35
-22 -58
-22 -58
-32 -82
-32 -82
-40 -98
-42 -104
-42 -104
-40 -102
-40 -102
628 640
3 -6
3 -6
6 -26
6 -26
14 -55
22 -85
22 -85
29 -110
29 -110
32 -122
32 -122
32 -124
607 559
11 4
11 4
30 4
30 4
683 574
-1 -7
-1 -7
-2 -23
-2 -23
-9 -43
-9 -43
-9 -50
2 -51
2 -51
19 -44
19 -44
27 -26
27 -26
32 -15
32 -15
32 -11
32 -11
32 -11
32 -11
32 -15
32 -15
30 -32
30 -49
30 -49
39 -62.99997
39 -62.99997
46 -65.99997
46 -65.99997
741 565
0 -16
0 -16
0 -32
0 -32
-1 -40
-1 -40
-1 -42
-1 -42
-1 -36
-1 -36
0 -19
0 -19
7 -3
7 -3
15 3
20 3
20 3
28 -8
28 -8
33 -30
33 -30
34 -50
34 -50
34 -64
33 -65.99997
33 -65.99997
786 557
13 2
13 2
29 4
42 6
42 6
811 588
-1 -9
-1 -28
-1 -28
-1 -43
-1 -43
7 -53
7 -53
24 -57
39 -57
39 -57
46 -57
46 -57
1299 612
-8 -21
-8 -21
-26 -55
-43 -85
-43 -85
-51 -98
-51 -98
-51 -100
-51 -100
1299 614
1 -9
1 -9
11 -35
17 -64
17 -64
21 -81
21 -81
22 -86
22 -86
1272 549
8 7
8 7
24 7
24 7
41 10
1342 569
-2 -9
-2 -9
-2 -25
-2 -34
-2 -34
1 -41
1 -41
8 -41
8 -41
20 -32
20 -32
30 -11
30 -11
36 1
36 1
37 3
37 3
37 2
37 2
37 -9
36 -28
36 -28
40 -49
40 -49
47 -57.99997
47 -57.99997
1403 559
5 -14
5 -28
5 -28
5 -35
5 -35
5 -35
5 -35
5 -25
5 -25
8 -2
8 -2
22 15
22 15
33 24
43 26
43 26
48 25
48 25
52 10
52 10
52 -10
52 -10
52 -28
52 -28
50 -36
1454 563
9 8
9 8
33 12
55 21
55 21
63 23
63 23
1487 606
1 -13
1 -13
1 -43
1 -43
6 -66
6 -66
18 -71
37 -71
37 -71
44 -68
44 -68
679 461
-9 -15
-9 -15
-28 -48
-28 -48
-43 -75.99994
-48 -85.99997
-48 -85.99997
-48 -85.99997
-48 -85.99997
678 461
4 -9
4 -9
7 -33
11 -63
11 -63
13 -84.99994
13 -84.99994
14 -90.99994
14 -90.99994
649 402
8 1.000031
8 1.000031
28 1.000031
720 398
-2 -9.999939
-2 -9.999939
-5 -37.99997
-5 -37.99997
-12 -66.99994
-12 -66.99994
-13 -81.99994
-13 -81.99994
716 413
6 0
6 0
15 0
15 0
21 -6
21 -6
23 -18.99994
23 -18.99994
11 -36
-6 -43.99997
-6 -43.99997
763 395
1 -12.99994
1 -12.99994
-1 -39.99994
-4 -64.99997
-4 -64.99997
-5 -87
-5 -87
-6 -93
-6 -93
766 397
6 0.999939
6 0.999939
19 0.999939
19 0.999939
31 -3
31 -3
35 -13.00003
35 -13.00003
32 -27
32 -27
10 -40.00003
10 -40.00003
0 -42
845 438
-4 -12
-4 -12
-8 -40.99997
-8 -40.99997
-14 -66
-15 -78
-15 -78
850 375
15 1.999969
27 1.999969
27 1.999969
42 10.99997
42 10.99997
48 19.99997
48 19.99997
48 25.00003
48 25.00003
39 28.99997
24 28.99997
24 28.99997
8 13.99997
8 13.99997
4 -4.999969
4 -4.999969
6 -16.99997
27 -25.00003
27 -25.00003
47 -25.99997
47 -25.99997
1349 449
-10 -18.99994
-10 -18.99994
-34 -54
-34 -54
-53 -84
-60 -99
-60 -99
-61 -99.99994
-61 -99.99994
1339 445
4 -5.000061
4 -5.000061
5 -23.00006
5 -23.00006
10 -57
10 -57
14 -91.00003
15 -108
15 -108
1301 365
26 6
26 6
67 20.00006
1403 386
-4 -15.99994
-4 -15.99994
-8 -45
-8 -45
-15 -78
-16 -97.99997
-16 -97.99997
1402 399
15 3
29 3
29 3
34 -1.999969
34 -1.999969
34 -15
34 -15
7 -34.00003
-16 -42
-16 -42
1446 396
3 -3
3 -3
3 -22.00003
3 -22.00003
-2 -52.00003
-2 -52.00003
-8 -76.00003
-10 -91.00003
-10 -91.00003
1453 402
18 6
18 6
41 4.000031
41 4.000031
49 -7.999969
45 -28.00003
45 -28.00003
16 -46.99997
16 -46.99997
-2 -51
-2 -51
1548 447
-5 -15
-14 -48
-14 -48
-19 -75
-19 -75
-20 -88.00003
1547 379
13 0
13 0
33 3.999939
33 3.999939
46 15
46 15
49 25.99997
49 25.99997
43 33
23 33.99994
23 33.99994
16 21
16 21
16 0
16 0
30 -12
56 -15
56 -15
433 954.9999
-1 -16.99988
-1 -16.99988
-22 -51
-22 -51
-37 -78.99994
-37 -78.99994
-42 -91.99988
-42 -91.99988
-42 -93.99994
-42 -93.99994
442 962.0001
2 -8.000061
2 -8.000061
2 -24
2 -24
6 -54
10 -83.00006
10 -83.00006
12 -103.0001
12 -103.0001
12 -108
12 -108
414 900.9999
11 1.000122
11 1.000122
32 1.000122
32 1.000122
692 909.9999
-8 23.00006
-19 24
-33 16.00012
-41 -7.999878
-43 -27.99994
-43 -36
-30 -36.99994
-14 -24.99994
-6 -9
-5 -3
-5 -1.999878
-5 -6
-4 -24.99994
3 -42
929 956.0001
-10 -10.00012
-10 -10.00012
-34 -47.00006
-34 -47.00006
-60 -90
-60 -90
-71 -110.0001
933 954.9999
-1 -12
-1 -12
2 -42
2 -42
3 -72
4 -84.99994
4 -84.99994
920 897.9999
1141 909
-12 20.00006
-12 20.00006
-25 18.99994
-25 18.99994
-41 0.999939
-50 -14.00006
-50 -14.00006
-51 -21.99994
-51 -21.99994
-39 -26.00006
-39 -26.00006
-17 -21.99994
-17 -21.99994
-2 0
-2 0
2 9.999939
2 9.999939
2 9.999939
2 9.999939
2 3
2 -11.00006
2 -11.00006
5 -24.99994
5 -24.99994
1361 957
-3 -9
-3 -9
-22 -42.99994
-22 -42.99994
-41 -75
-41 -75
-48 -87
-48 -87
-48 -87
1364 956.0001
3 -4.000122
10 -23.00006
10 -23.00006
14 -44.00006
14 -44.00006
17 -66
21 -84
21 -84
1344 902.0001
8 1.999878
8 1.999878
33 1.999878
33 1.999878
1599 894.9999
5 13.00012
5 13.00012
0 21
-17 24
-17 24
-39 20.00006
-39 20.00006
-53 4.000122
-54 -9.999939
-54 -9.999939
-43 -21.99994
-43 -21.99994
-18 -21.99994
-18 -21.99994
3 5.000061
3 5.000061
15 24
16 26.00006
16 18
13 0
13 -15
568 788.0001
-7 -15
-7 -15
-20 -39.00006
-20 -39.00006
-30 -61.00006
-30 -61.00006
-38 -78.00006
-44 -93.00006
-44 -93.00006
571 803.0001
2 -8.000061
6 -24
6 -24
15 -55.00006
15 -55.00006
20 -89.00006
20 -89.00006
25 -110.0001
25 -110.0001
27 -115.0001
27 -115.0001
551 726
13 2
40 7
40 7
624 742
-1 -19
-1 -38
-1 -38
-4 -47
-4 -47
-4 -47
-4 -37
-1 -17
-1 -17
8 -8
17 -4
17 -4
25 -3
25 -3
30 -3
30 -3
34 -14
34 -14
35 -32
35 -32
32 -54
29 -65
29 -65
28 -66
28 -66
673 731
7 5
7 5
20 5
34 6
34 6
46 9
46 9
703 768
-1 -6
-1 -6
-1 -23
-1 -23
-1 -43
-1 -43
-1 -57
-1 -57
9 -63
9 -63
23 -63
23 -63
33 -63
432 962.0001
-2 -7.000122
-2 -7.000122
-11 -19.00012
-22 -37.00012
-22 -37.00012
-34 -60
-34 -60
-42 -77.00006
-42 -77.00006
-46 -88.00012
-46 -88.00012
-48 -90
-49 -92.00006
-49 -92.00006
420 954.9999
6 -9
8 -21.99994
8 -21.99994
15 -48
15 -48
19 -75
19 -75
19 -93
19 -93
19 -96
19 -96
19 -96
406 903
5 -2.000061
5 -2.000061
19 -2.000061
31 -3
31 -3
680 906
-10 15
-10 15
-21 15
-21 15
-36 2.000061
-36 2.000061
-52 -18.99994
-52 -18.99994
-57 -36
-57 -36
-56 -45
-44 -48
-44 -48
-27 -42.99994
-27 -42.99994
-15 -27
-15 -27
-10 -14.00006
-10 -14.00006
-10 -3
-10 -3
-10 3
-10 3
-10 3
-10 2.000061
-8 -15.99994
0 -36
6 -45
10 -45
897 951
-4 -3.999939
-10 -21
-10 -21
-20 -51
-20 -51
-31 -77.00006
-31 -77.00006
-36 -87.99994
-36 -87.99994
-38 -90
911 951.9999
2 -9
2 -9
5 -27
5 -27
15 -55.99988
15 -55.99988
20 -81.99994
20 -81.99994
22 -93
22 -93
23 -93
23 -93
23 -93
881 896.0001
19 3
19 3
31 3
31 3
45 3
45 3
591 795
-5 -17.00006
-5 -17.00006
-25 -51
-25 -51
-39 -73
-39 -73
-45 -85
-45 -85
-46 -85
603 804.9999
4 -12
4 -12
8 -30
8 -30
12 -54.99994
12 -54.99994
17 -78.99994
17 -78.99994
17 -97.99994
19 -109.9999
19 -109.9999
20 -111.9999
20 -111.9999
566 735
8 0
8 0
26 0
38 0
38 0
653 744
2 -15
2 -15
0 -36
0 -36
-3 -48
-3 -48
-4 -49
-4 -49
-4 -49
-4 -35
-4 -35
-4 -23
-4 -23
-4 -19
-4 -19
0 -18
0 -18
3 -18
11 -17
11 -17
15 -17
15 -17
19 -17
19 -17
24 -17
24 -17
27 -23
27 -23
29 -37
29 -54
29 -54
29 -63
29 -63
29 -67
29 -67
29 -67
29 -67
694 721
19 2
19 2
43 3
43 3
64 6
64 6
77 8
744 763
-6 -14
-18 -43
-23 -57
-23 -65
-11 -68
3 -69
12 -69
20 -68
22 -67
