1185 852
-2 -14.00006
-2 -29.00006
-2 -29.00006
-2 -50.00006
-2 -50.00006
-3 -72.99994
-6 -97
-6 -97
-8 -113
-9 -127
-9 -127
-10 -143
-10 -143
-10 -157
-10 -171
-10 -171
-10 -184
-10 -184
-10 -199
-10 -199
-10 -216
-10 -233
-10 -233
-10 -249
-10 -261
-10 -261
-10 -268
-10 -268
-10 -273
-10 -273
-10 -277
-10 -280
-10 -280
-10 -283
-10 -284
-10 -284
-10 -284
-10 -284
-10 -284
-10 -284
-10 -284
1188 842.0001
15 4.999878
15 4.999878
35 4.999878
59 4.999878
59 4.999878
82 4.999878
98 4.999878
98 4.999878
108 0
108 0
114 -6
119 -14.00006
119 -14.00006
124 -25.00012
124 -25.00012
128 -41.00006
129 -56.00006
129 -56.00006
129 -66
129 -74.00006
129 -74.00006
126 -79.00006
126 -79.00006
118 -84.00006
106 -92.00006
106 -92.00006
93 -98.00006
79 -103.0001
79 -103.0001
60 -109.0001
60 -109.0001
44 -112.0001
28 -113.0001
28 -113.0001
15 -113.0001
15 -113.0001
6 -113.0001
4 -113.0001
4 -113.0001
2 -113.0001
2 -113.0001
1 -113.0001
1 -113.0001
1 -113.0001
1203 731
11 -2
35 -2
35 -2
66 -3
66 -3
84 -5
93 -9
93 -9
99 -16
99 -16
107 -23
117 -31
117 -31
125 -44
125 -44
131 -57
136 -70
136 -70
136 -85
136 -95
134 -103
134 -103
128 -110
120 -119
120 -119
112 -125
104 -132
104 -132
93 -137
80 -143
80 -143
65 -146
65 -146
49 -147
29 -147
29 -147
20 -147
5 -147
5 -147
-2 -147
-2 -147
-10 -146
-10 -146
-18 -146
-19 -146
-19 -146
-21 -146
-21 -146
-23 -146
-23 -146
-23 -146
1473 843.9999
0 -12.99994
0 -21.99994
0 -21.99994
0 -39
0 -39
0 -58.99988
0 -80.99994
0 -80.99994
0 -101.9999
0 -101.9999
0 -124.9999
0 -124.9999
0 -147.9999
0 -166.9999
0 -166.9999
0 -184.9999
0 -184.9999
0 -203.9999
0 -220.9999
0 -220.9999
0 -234.9999
0 -248.9999
0 -248.9999
0 -258.9999
0 -258.9999
0 -263.9999
0 -268.9999
0 -268.9999
0 -270.9999
0 -270.9999
0 -270.9999
0 -270.9999
0 -270.9999
0 -270.9999
0 -270.9999
1476 709
2 15
6 23
27 40
47 51
63 56
75 57
81 55
85 50
91 41
98 29
104 15
107 -2
111 -19
111 -34
112 -51
112 -66
110 -77
103 -89
95 -102
84 -116
73 -126
62 -133
50 -137
50 -137
38 -138
29 -138
29 -138
20 -138
12 -137
12 -137
5 -134
1 -130
1 -130
-1 -127
-1 -127
-5 -124
-7 -121
-7 -121
-8 -120
-8 -120
-9 -119
-9 -119
1052 134
