1535.885 1107.843
-1.296875 -1.296387
-9.077881 -18.14697
-19.45276 -45.36719
-59.65442 -149.0634
-99.85632 -234.6128
-123.1995 -287.7571
-151.7299 -338.309
-173.7761 -375.8989
-180.2601 -391.4532
-188.0411 -407.0078
-189.338 -409.6002
-190.6349 -412.1924
-190.6349 -412.1924
-190.6349 -412.1924
-190.6349 -412.1924
-190.6349 -412.1924
-190.6349 -412.1924
-190.6349 -412.1924
-190.6349 -412.1924
-190.6349 -412.1924
1567.01 1027.478
9.077759 -12.96198
19.45251 -38.88599
35.01453 -85.54932
62.24805 -149.0632
84.29431 -198.3189
94.66895 -224.2431
111.5278 -260.5367
124.4962 -294.2379
130.9803 -317.5696
134.8708 -327.9392
134.8708 -327.9392
134.8708 -327.9392
134.8708 -327.9392
134.8708 -327.9392
134.8708 -327.9392
134.8708 -327.9392
134.8708 -327.9392
134.8708 -327.9392
134.8708 -327.9392
134.8708 -326.643
1591.649 978.2227
-2.593628 0
0 -6.48114
10.37476 -32.40509
38.90515 -93.32666
55.76392 -136.1013
75.21643 -181.4684
90.77856 -215.1696
99.85645 -228.1317
103.7468 -233.3166
108.9342 -246.2785
112.8248 -254.0558
114.1217 -256.6481
114.1217 -256.6481
114.1217 -256.6481
114.1217 -256.6481
114.1217 -256.6481
115.4183 -260.5368
116.7152 -261.8328
116.7152 -261.8328
116.7152 -261.8328
116.7152 -261.8328
116.7152 -261.8328
116.7152 -261.8328
116.7152 -261.8328
116.7152 -261.8328
116.7152 -261.8328
1570.9 1024.886
6.484009 -11.66595
15.56201 -37.5899
27.2334 -71.29126
46.68604 -102.4
73.91968 -151.6558
92.07532 -184.0608
110.231 -220.3545
120.6057 -246.2786
128.3866 -261.8329
136.1676 -278.6837
140.0582 -285.1646
140.0582 -286.4609
141.3551 -287.7571
141.3551 -289.0532
146.5424 -298.1267
147.8392 -300.7192
147.8392 -302.0152
149.136 -303.3115
149.136 -304.6077
149.136 -304.6077
149.136 -304.6077
149.136 -304.6077
149.136 -304.6077
149.136 -304.6077
149.136 -304.6077
1533.292 1090.992
1.296875 0
7.781006 -12.96191
20.74939 -38.88599
35.01453 -68.69873
66.13855 -141.2859
93.37219 -185.3569
103.7468 -204.8
116.7152 -233.3164
129.6836 -261.8328
145.2456 -292.9417
155.6202 -312.3848
163.4012 -329.2354
169.8855 -347.3821
172.4792 -355.1594
176.3696 -361.6404
177.6665 -365.5291
177.6665 -366.8254
178.9634 -366.8254
178.9634 -368.1214
178.9634 -369.4177
180.26 -372.0101
180.26 -372.0101
180.26 -372.0101
180.26 -372.0101
180.26 -372.0101
180.26 -372.0101
180.26 -372.0101
1395.827 853.7873
2.593506 1.296021
10.37463 1.296021
19.45251 1.296021
53.17029 5.184692
75.21631 0
106.3405 -1.296326
138.7614 -1.296326
163.4011 1.296021
178.9633 2.592285
201.0094 2.592285
226.9462 3.888489
241.2113 3.888489
259.3669 2.592285
274.9291 2.592285
281.4132 1.296021
289.1943 1.296021
295.6785 -1.296326
298.272 -1.296326
299.5688 -1.296326
300.8657 -1.296326
300.8657 -1.296326
300.8657 -1.296326
300.8657 -1.296326
300.8657 -1.296326
300.8657 -1.296326
1529.401 1096.177
0 -1.296143
-1.296753 -12.96191
-49.27979 -123.1392
-93.37207 -238.5012
-115.4183 -304.6075
-125.7931 -334.4202
-134.8708 -355.1594
-143.9487 -370.7139
-146.5425 -375.8987
-147.8392 -379.7872
-147.8392 -379.7872
-149.1361 -381.0835
-150.433 -382.3796
-150.433 -383.6758
-150.433 -383.6758
-150.433 -383.6758
-150.433 -383.6758
-150.433 -383.6758
-150.433 -383.6758
-149.1361 -377.1949
1583.868 1020.997
6.484131 -15.55444
11.67139 -40.18219
28.53027 -84.25317
55.76379 -145.1747
67.43542 -177.5797
76.51318 -200.9114
92.0752 -229.4278
105.0436 -257.9443
115.4182 -279.9797
124.4961 -299.4228
127.0898 -307.2
128.3867 -308.4962
128.3867 -308.4962
128.3867 -308.4962
128.3867 -308.4962
128.3867 -308.4962
128.3867 -308.4962
128.3867 -308.4962
128.3867 -308.4962
128.3867 -308.4962
128.3867 -308.4962
128.3867 -308.4962
128.3867 -308.4962
128.3867 -308.4962
1363.406 166.7998
