0.7673237
1.107608
1.400158
1.572531
1.672249
1.477337
1.39946
1.345148
1.36949
1.290296
1.304592
1.324385
1.451376
1.466923
1.44968
1.437603
1.389366
1.353996
1.364164
1.320431
0.8160636
0.814925
1.394758
1.613333
1.756871
1.731219
1.702606
1.673909
1.434883
1.284848
1.244868
1.146807
1.097884
1.170458
1.228392
1.338018
1.566298
1.907079
2.292108
2.336913
2.079367
1.236147
0.2424038
0.7958047
0.9284283
1.195286
1.437661
1.488072
1.467147
1.325935
1.165475
1.160717
1.184317
1.306257
1.35516
1.377169
1.514823
1.60266
1.626353
1.693917
1.675901
1.691625
1.668157
1.701843
1.713073
1.709733
1.845054
1.749791
1.621524
0.5892252
0.7753459
1.038274
1.168267
1.236792
1.305912
1.283676
1.201431
1.179716
1.103677
1.007125
1.001787
0.9607685
1.051311
1.184636
1.206936
1.216716
1.275809
1.325622
1.386563
1.394927
1.349624
1.397399
1.395235
1.344295
1.236259
0.7156489
0.8689673
1.152429
1.424147
1.56064
1.662595
1.515939
1.374392
1.310241
1.3161
1.374682
1.086162
1.151289
1.069248
1.032477
1.034695
1.205982
1.599431
1.538345
1.590719
1.601117
1.604032
1.730635
2.079654
2.306364
2.357414
2.333155
2.067891
0.2938088
0.8193943
1.180283
1.404892
1.525828
1.524712
1.499041
1.485108
1.474059
1.512234
1.505309
1.467546
1.37219
1.317842
1.268278
1.246894
1.185584
1.180088
1.164304
1.10941
1.120587
1.141708
1.303591
1.552126
1.663352
1.329023
0.4873271
0.9982439
1.169294
1.707329
1.461677
1.371278
1.299531
1.170437
1.291514
1.233857
1.250768
1.276506
1.226758
1.228994
1.226799
1.243101
1.246473
1.297153
1.294499
1.038504
0.1798208
0.8754167
1.283467
1.575467
1.730343
1.648581
1.455837
1.236149
1.190242
1.165141
1.118826
1.065567
0.9275977
0.9681614
1.036348
1.130676
1.225587
1.219506
1.245455
1.369648
1.308123
1.265721
1.373579
1.45635
1.387067
0.5453646
1.011643
