a
2
1
3
2
*
b
2
1
3
2
*
c
2
1
3
2
*
C
2
1
3
2
*
A
2
1
3
2
*
B
2
1
3
2
*
a
2
1
3
2
2
*
b
2
0
1
2
2
*
c
2
1
1
2
2
*
C
2
0
1
2
2
*
A
2
0
1
1
2
*
B
2
0
1
1
2
*
a
2
1
3
2
2
*
b
2
1
3
2
2
*
c
2
1
3
2
2
*
C
2
1
3
2
2
*
A
2
0
1
1
2
*
B
2
1
3
2
2
*
a
2
1
3
2
2
*
b
2
1
3
2
2
*
c
2
1
3
2
2
*
C
2
1
3
2
2
*
A
2
1
3
2
2
*
B
2
1
1
2
2
*
a
2
1
3
2
2
*
b
2
1
3
2
2
*
c
2
1
3
2
2
*
C
2
1
3
2
2
*
A
2
1
3
2
2
*
B
2
0
1
1
2
*
a
2
1
3
2
2
*
b
2
1
3
2
2
*
c
2
1
3
2
2
*
C
2
1
3
2
2
*
A
2
1
3
2
2
*
B
2
0
1
1
2
*
a
2
1
3
2
2
*
b
2
1
3
2
2
*
c
2
1
3
2
2
*
C
2
1
3
2
2
*
A
2
1
3
2
2
*
B
2
0
1
1
2
*
a
2
1
3
2
2
*
b
2
1
3
2
2
*
c
2
1
3
2
2
*
C
2
1
3
2
2
*
A
2
1
3
2
2
*
B
2
1
1
2
1
*
