1567.01 1106.547
-3.890503 1.296387
-20.74939 -20.73926
-49.27991 -77.77197
-89.48181 -163.3215
-108.9343 -220.3544
-133.5741 -264.4253
-147.8394 -305.9037
-159.5107 -337.0126
-176.3698 -361.6406
-181.557 -366.8253
-190.6349 -387.5645
-195.8223 -395.3417
-195.8223 -395.3417
-195.8223 -395.3417
-195.8223 -395.3417
-195.8223 -399.2304
-197.1189 -399.2304
-197.1189 -399.2304
-197.1189 -399.2304
-197.1189 -400.5264
-197.1189 -401.8228
-195.8223 -409.6
1573.494 1102.658
-3.890503 3.888672
12.96838 -38.88599
71.32605 -154.248
95.96582 -230.7241
125.793 -303.3113
137.4646 -337.0126
147.8392 -369.4175
155.6202 -390.1568
162.1044 -403.1189
162.1044 -403.1189
162.1044 -403.1189
162.1044 -403.1189
162.1044 -403.1189
162.1044 -403.1189
162.1044 -403.1189
160.8075 -404.4151
159.5106 -404.4151
1429.545 839.529
71.32581 -1.296265
118.012 3.888672
138.7612 3.888672
143.9486 3.888672
143.9486 3.888672
145.2455 3.888672
147.839 3.888672
147.839 3.888672
153.0265 3.888672
173.7759 3.888672
220.4619 11.66583
228.2429 12.96198
230.8365 12.96198
232.1334 12.96198
232.1334 12.96198
232.1334 12.96198
232.1334 12.96198
232.1334 12.96198
232.1334 12.96198
232.1334 12.96198
232.1334 12.96198
232.1334 12.96198
232.1334 12.96198
234.7272 12.96198
1419.17 864.1569
160.8076 9.073303
188.0413 9.073303
199.7126 9.073303
219.1652 9.073303
226.9464 7.776978
229.5399 7.776978
234.7273 6.480957
239.9146 6.480957
247.6956 5.184692
256.7734 5.184692
259.3672 5.184692
260.6639 5.184692
261.9608 5.184692
261.9608 5.184692
261.9608 5.184692
260.6639 5.184692
1384.156 865.4529
22.04626 -2.592346
149.1361 3.888672
228.243 3.888672
281.4135 2.592468
309.9436 2.592468
319.0216 3.888672
325.5057 5.184937
328.0995 5.184937
330.693 5.184937
331.9899 5.184937
331.9899 5.184937
331.9899 5.184937
331.9899 5.184937
331.9899 5.184937
330.693 5.184937
329.3961 5.184937
1416.577 836.9365
18.15564 9.073425
38.90503 10.36963
212.6809 24.62793
246.3987 28.51642
251.5859 28.51642
258.0701 27.2204
265.8512 24.62793
268.4449 24.62793
277.5226 22.03546
277.5226 22.03546
277.5226 22.03546
277.5226 22.03546
277.5226 22.03546
277.5226 22.03546
277.5226 22.03546
277.5226 22.03546
277.5226 22.03546
1434.732 842.1213
14.26526 5.184814
33.71777 6.481018
95.9657 14.25824
143.9486 14.25824
171.1824 15.55444
213.9778 16.85065
228.243 15.55444
237.3209 15.55444
247.6956 14.25824
247.6956 14.25824
247.6956 14.25824
247.6956 14.25824
247.6956 14.25824
247.6956 14.25824
247.6956 14.25824
247.6956 14.25824
247.6956 14.25824
247.6956 14.25824
1424.358 864.1569
-1.296875 -1.296326
51.87354 -2.592468
103.7469 1.296021
133.574 1.296021
149.1361 1.296021
165.995 3.888489
177.6665 5.184692
228.2432 7.776978
247.6957 5.184692
258.0703 2.592285
263.2576 2.592285
263.2576 2.592285
264.5544 2.592285
264.5544 2.592285
264.5544 2.592285
264.5544 2.592285
264.5544 2.592285
264.5544 2.592285
265.8513 0
1555.338 1098.77
0 -12.96216
-38.90527 -103.6963
-89.48169 -219.0583
-142.652 -361.6406
-158.214 -405.7114
-163.4014 -409.6001
-163.4014 -409.6001
-163.4014 -409.6001
-163.4014 -409.6001
-163.4014 -409.6001
-163.4014 -409.6001
-163.4014 -409.6001
-163.4014 -409.6001
-163.4014 -409.6001
-163.4014 -409.6001
1556.635 1103.954
-5.187378 0
-6.484131 -5.184814
6.484253 -31.10889
123.1993 -259.2407
154.3235 -331.8279
162.1045 -351.2709
165.995 -365.5292
173.776 -384.9722
178.9633 -399.2305
182.8539 -412.1924
184.1506 -414.7849
184.1506 -414.7849
184.1506 -414.7849
184.1506 -414.7849
184.1506 -414.7849
184.1506 -414.7849
184.1506 -414.7849
184.1506 -414.7849
184.1506 -414.7849
1419.17 860.2682
47.98303 0
115.4185 0
127.09 2.592346
137.4646 5.184692
146.5425 7.777161
151.7299 7.777161
151.7299 7.777161
1554.041 1096.177
2.593628 -3.888672
10.37476 -22.0354
28.5304 -69.99487
66.13855 -123.1392
88.18481 -164.6177
97.2627 -193.1342
106.3405 -217.762
132.2771 -276.0911
142.6519 -309.7924
146.5424 -329.2354
153.0265 -347.3823
159.5106 -361.6406
163.4012 -370.7139
167.2917 -381.0835
169.8855 -384.9721
169.8855 -384.9721
169.8855 -386.2683
169.8855 -386.2683
171.1824 -386.2683
171.1824 -387.5645
171.1824 -387.5645
171.1824 -387.5645
171.1824 -387.5645
171.1824 -387.5645
1420.467 860.2682
38.90503 -9.073425
101.1532 -16.85059
128.3867 -16.85059
143.9489 -12.9621
163.4014 -9.073425
172.4791 -5.184937
191.9316 -7.777283
206.1969 -9.073425
242.5083 -6.480957
254.1797 -5.184937
256.7734 -5.184937
256.7734 -5.184937
256.7734 -5.184937
256.7734 -5.184937
256.7734 -5.184937
256.7734 -5.184937
256.7734 -5.184937
256.7734 -5.184937
256.7734 -5.184937
256.7734 -5.184937
258.0703 -3.888672
1426.951 875.8226
22.04626 -10.36963
92.0752 -16.85059
141.355 -16.85059
176.3696 -18.14679
210.0873 -12.96198
229.5398 -10.36963
245.1019 -10.36963
260.6638 -9.073364
271.0386 -7.777161
274.9291 -6.480957
278.8197 -6.480957
278.8197 -6.480957
278.8197 -6.480957
278.8197 -6.480957
278.8197 -6.480957
278.8197 -6.480957
278.8197 -6.480957
278.8197 -6.480957
278.8197 -6.480957
278.8197 -6.480957
278.8197 -6.480957
1391.937 861.5645
3.890625 0
15.56213 -1.296204
54.46716 -14.2583
121.9026 -19.44312
180.2601 -15.5545
197.119 -15.5545
226.9462 -18.14679
267.1481 -14.2583
274.9291 -12.9621
278.8197 -14.2583
281.4133 -14.2583
281.4133 -14.2583
281.4133 -14.2583
281.4133 -14.2583
281.4133 -14.2583
281.4133 -14.2583
281.4133 -14.2583
281.4133 -14.2583
281.4133 -14.2583
281.4133 -14.2583
281.4133 -14.2583
281.4133 -14.2583
281.4133 -14.2583
281.4133 -14.2583
281.4133 -14.2583
281.4133 -14.2583
281.4133 -14.2583
281.4133 -14.2583
281.4133 -14.2583
281.4133 -14.2583
1526.808 1071.549
-77.81006 -159.4327
-106.3406 -246.2784
-120.6057 -295.5341
-132.2772 -320.1619
-138.7614 -331.8277
-142.652 -339.6049
-145.2456 -352.567
-149.1361 -360.3442
-149.1361 -360.3442
-149.1361 -360.3442
-149.1361 -360.3442
-149.1361 -360.3442
-149.1361 -360.3442
-149.1361 -360.3442
-149.1361 -360.3442
1560.525 1110.435
0 -3.888672
-42.79565 -101.1038
-97.26257 -217.7621
-142.652 -334.4203
-165.9949 -396.6379
-168.5886 -403.1191
-168.5886 -403.1191
-168.5886 -403.1191
-168.5886 -403.1191
-168.5886 -403.1191
-168.5886 -403.1191
-168.5886 -403.1191
-168.5886 -403.1191
-168.5886 -403.1191
-168.5886 -401.8228
1560.525 1098.77
1.296875 0
25.93677 -53.14429
58.35754 -136.1013
81.70068 -195.7267
98.55945 -247.5747
112.8247 -282.5723
136.1677 -353.8635
149.1361 -382.3797
153.0265 -392.7493
156.9171 -397.9343
159.5107 -403.119
160.8076 -407.0076
162.1045 -408.3039
162.1045 -408.3039
162.1045 -408.3039
162.1045 -408.3039
160.8076 -410.8963
1413.983 856.3796
14.26526 2.592407
111.5278 5.184875
158.2139 10.36963
178.9633 9.073364
186.7443 9.073364
198.4158 7.777344
217.8684 9.073364
229.5399 10.36963
238.6178 12.96204
245.1018 14.2583
256.7734 15.55432
261.9607 16.85065
264.5544 16.85065
264.5544 16.85065
264.5544 16.85065
264.5544 16.85065
264.5544 16.85065
264.5544 16.85065
264.5544 16.85065
264.5544 16.85065
264.5544 16.85065
264.5544 14.2583
1576.77 1125.333
-49.35742 -78.6665
-90.71094 -205.3333
-121.3926 -274.6666
-142.7363 -310.6666
-160.0781 -346.6666
-174.752 -378.6666
-184.0898 -397.3333
-190.7598 -413.3333
-192.0938 -414.6666
-192.0938 -417.3333
-192.0938 -417.3333
-192.0938 -418.6666
-192.0938 -418.6666
-192.0938 -418.6666
-192.0938 -418.6666
-192.0938 -418.6666
1572.768 1114.667
-53.35938 -85.3335
-145.4043 -290.6667
-169.416 -350.6667
-174.752 -365.3334
-177.4199 -369.3334
-178.7539 -372.0001
-180.0879 -376.0001
-180.0879 -377.3334
-181.4219 -380.0001
-181.4219 -381.3334
-181.4219 -381.3334
-181.4219 -381.3334
1582.105 1154.667
-16.00781 -28
-160.0781 -393.3334
-177.4199 -422.6667
-178.7539 -425.3334
-178.7539 -428.0001
-180.0879 -428.0001
-180.0879 -430.6667
-180.0879 -433.3334
-181.4219 -434.6667
-181.4219 -434.6667
-181.4219 -434.6667
1554.041 1100.066
-2.59375 -12.96191
-29.82715 -69.99487
-90.77844 -207.3925
-120.6057 -286.4609
-145.2455 -340.9013
-153.0266 -360.3443
-160.8076 -374.6025
-167.2917 -381.0836
-169.8855 -386.2683
-169.8855 -387.5645
-169.8855 -387.5645
-169.8855 -387.5645
-169.8855 -387.5645
-169.8855 -387.5645
-169.8855 -387.5645
1561.822 1088.4
-1.296875 1.296143
25.93665 -50.552
79.10693 -182.7646
111.5278 -294.238
124.4961 -330.5317
136.1677 -362.9368
142.652 -375.8987
142.652 -375.8987
142.652 -375.8987
142.652 -375.8987
142.652 -375.8987
142.652 -375.8987
142.652 -375.8987
142.652 -375.8987
142.652 -375.8987
142.652 -375.8987
142.652 -375.8987
142.652 -375.8987
1421.764 860.2682
14.26526 0
24.63989 0
37.60815 -1.296265
53.17029 -3.888672
1561.822 1098.77
7.781006 -11.66577
62.24817 -165.9139
72.62268 -200.9114
84.29443 -234.6126
97.26257 -267.0178
108.9342 -299.4229
125.793 -342.1976
132.2771 -364.2331
140.0582 -383.676
143.9489 -394.0457
145.2455 -397.9343
145.2455 -397.9343
145.2455 -397.9343
145.2455 -397.9343
145.2455 -397.9343
145.2455 -397.9343
145.2455 -397.9343
145.2455 -397.9343
145.2455 -397.9343
145.2455 -397.9343
1423.061 856.3796
31.12415 -2.592285
116.7152 6.481018
220.4622 5.184875
234.7273 5.184875
238.6178 5.184875
239.9147 5.184875
239.9147 5.184875
239.9147 5.184875
239.9147 5.184875
239.9147 5.184875
239.9147 5.184875
239.9147 5.184875
239.9147 5.184875
239.9147 5.184875
239.9147 5.184875
239.9147 5.184875
238.6178 5.184875
1429.545 864.1569
5.187256 -1.296326
55.76379 -1.296326
97.26257 -2.592468
127.0897 -3.888672
145.2455 -5.184937
164.698 -3.888672
186.7441 -2.592468
208.7903 -3.888672
229.5397 -7.777344
237.3207 -9.073608
241.2113 -9.073608
242.5082 -9.073608
243.8049 -9.073608
245.1017 -10.36963
246.3986 -10.36963
246.3986 -10.36963
246.3986 -10.36963
246.3986 -10.36963
246.3986 -10.36963
246.3986 -10.36963
246.3986 -10.36963
246.3986 -10.36963
246.3986 -10.36963
1543.667 1094.881
-2.59375 -18.14673
-93.37231 -216.4658
-159.5109 -375.8987
-163.4014 -384.9722
-163.4014 -384.9722
-163.4014 -384.9722
-163.4014 -384.9722
-163.4014 -384.9722
-163.4014 -384.9722
-163.4014 -384.9722
-162.1045 -382.3797
1563.119 1105.25
-3.890625 -1.296143
-108.9342 -191.8381
-160.8076 -324.0506
-178.9634 -368.1216
-181.557 -378.4912
-181.557 -378.4912
-181.557 -378.4912
-181.557 -378.4912
-181.557 -378.4912
-181.557 -378.4912
-181.557 -378.4912
-181.557 -378.4912
-181.557 -378.4912
-181.557 -378.4912
-178.9634 -374.6025
1554.041 1101.362
41.49866 -99.80743
59.65442 -150.3596
76.51331 -198.319
88.18481 -241.0936
93.37207 -268.3138
95.96582 -281.2759
95.96582 -281.2759
95.96582 -281.2759
95.96582 -281.2759
95.96582 -281.2759
1541.073 1106.547
-9.077881 -37.58984
-50.57666 -138.6936
-80.40381 -204.7999
-98.55945 -243.686
-112.8246 -270.9063
-138.7614 -334.4202
-159.5107 -381.0835
-165.9949 -397.9341
-165.9949 -397.9341
-165.9949 -397.9341
-165.9949 -397.9341
-165.9949 -397.9341
-165.9949 -397.9341
-165.9949 -397.9341
-165.9949 -397.9341
-165.9949 -397.9341
-165.9949 -397.9341
1548.854 1101.362
23.34302 -69.99487
112.8247 -274.7949
127.0898 -314.9772
140.0582 -344.7899
146.5424 -360.3442
147.8392 -362.9367
147.8392 -362.9367
147.8392 -362.9367
147.8392 -362.9367
147.8392 -362.9367
1401.015 1459.114
-2.59375 -7.777222
-23.34302 -29.81262
-92.0752 -90.73425
-220.4619 -241.0938
-263.2576 -291.6455
-306.0531 -338.3088
-341.0677 -382.3796
-369.598 -419.9697
-396.8317 -452.3747
-414.9873 -478.2986
-422.7684 -492.5569
-426.6588 -496.4456
-425.362 -496.4456
1949.576 196.6124
1533.292 1090.992
-1.296875 -1.296143
-24.63977 -46.66333
-45.38916 -93.32648
-79.10693 -178.8758
-101.1532 -224.243
-115.4185 -264.4253
-130.9803 -295.5342
-145.2455 -329.2354
-154.3235 -352.5671
-162.1045 -375.8987
-169.8855 -397.9341
-171.1824 -400.5266
-171.1824 -400.5266
-171.1824 -400.5266
-171.1824 -400.5266
-171.1824 -400.5266
-171.1824 -400.5266
-171.1824 -400.5266
-171.1824 -400.5266
-171.1824 -400.5266
1531.995 1093.585
2.59375 -2.592529
50.57666 -93.32666
88.18481 -185.357
99.85645 -216.4659
105.0437 -232.0203
110.2311 -251.4634
118.0121 -270.9063
124.4962 -285.1646
125.7931 -287.7571
130.9805 -304.6077
138.7615 -325.3469
145.2456 -343.4937
150.433 -353.8633
155.6202 -368.1216
159.5109 -375.8989
159.5109 -377.1949
159.5109 -377.1949
159.5109 -377.1949
159.5109 -377.1949
159.5109 -377.1949
159.5109 -377.1949
159.5109 -377.1949
159.5109 -377.1949
159.5109 -377.1949
159.5109 -377.1949
159.5109 -377.1949
159.5109 -377.1949
1397.124 839.529
2.593628 0
22.04614 1.296204
62.24805 -1.296265
121.9025 -5.184937
146.5425 -7.777222
165.995 -7.777222
175.0728 -7.777222
190.6348 -7.777222
203.6031 -9.073425
217.8683 -7.777222
230.8367 -5.184937
264.5544 1.296204
267.1482 1.296204
268.4451 1.296204
268.4451 2.592346
268.4451 2.592346
268.4451 2.592346
268.4451 2.592346
267.1482 2.592346
263.2576 1.296204
1368.594 715.0935
0 5.184814
6.484131 42.77466
12.96826 60.92145
16.85876 71.29108
22.04602 80.3645
32.42078 92.03033
38.90503 104.9924
46.68604 120.5468
53.17017 134.8051
60.95129 155.5444
75.21631 182.7646
92.0752 204.8
103.7467 229.4278
118.012 260.5367
120.6056 264.4254
120.6056 265.7216
120.6056 265.7216
120.6056 265.7216
120.6056 265.7216
120.6056 265.7216
120.6056 265.7216
129.6833 292.9418
146.5424 322.7544
146.5424 326.6431
146.5424 326.6431
146.5424 326.6431
146.5424 326.6431
146.5424 326.6431
146.5424 326.6431
146.5424 326.6431
146.5424 326.6431
146.5424 326.6431
146.5424 326.6431
146.5424 326.6431
146.5424 326.6431
146.5424 326.6431
1526.808 1092.288
-24.63989 -36.29346
-45.38928 -76.47583
-67.43555 -132.2125
-105.0437 -237.205
-133.5741 -308.4961
-154.3235 -356.4556
-162.1045 -381.0834
-164.6982 -388.8606
-164.6982 -388.8606
-164.6982 -388.8606
-164.6982 -388.8606
-159.5107 -368.1215
-146.5425 -338.3087
-124.4962 -291.6454
-103.7469 -226.8354
-86.88806 -187.9493
-67.43555 -150.3594
-53.17029 -116.6581
-42.79565 -88.14166
-32.4209 -62.21753
-18.15564 -37.58984
-5.187378 -16.85059
11.67139 11.66602
9.077881 3.888672
25.93665 -42.77466
49.27966 -88.14166
63.54492 -116.6581
77.81018 -146.4708
90.77844 -169.8023
98.55957 -186.6531
98.55957 -189.2455
98.55957 -189.2455
98.55957 -189.2455
98.55957 -189.2455
98.55957 -189.2455
98.55957 -189.2455
98.55957 -189.2455
98.55957 -189.2455
98.55957 -189.2455
1559.228 1070.253
-2.593628 5.184814
31.12415 -95.91895
81.70068 -212.5771
107.6373 -283.8683
125.7932 -318.8657
130.9805 -331.8278
133.5742 -339.605
141.3551 -360.3442
143.9489 -364.2327
143.9489 -368.1214
143.9489 -368.1214
143.9489 -368.1214
143.9489 -368.1214
143.9489 -368.1214
143.9489 -368.1214
143.9489 -368.1214
143.9489 -368.1214
1529.401 1093.585
-3.890503 -6.480957
-95.96582 -291.6456
-150.433 -426.4506
-155.6202 -445.8938
-155.6202 -445.8938
-155.6202 -445.8938
-155.6202 -445.8938
-155.6202 -445.8938
-155.6202 -445.8938
-62.24805 -239.7974
5.187378 -82.95703
23.34302 -42.77466
31.12402 -29.81274
37.60828 -22.03564
42.79553 -14.2583
49.27966 -9.073486
51.87341 -6.480957
58.35754 -2.592529
72.6228 -3.888672
119.3088 -50.552
163.4014 -120.5469
191.9316 -185.357
217.8683 -232.0203
232.1335 -256.6482
239.9146 -265.7216
245.1018 -267.0178
259.3671 -267.0178
290.4912 -238.5014
312.5374 -174.9874
311.2406 -150.3596
307.35 -128.3242
302.1626 -102.4
296.9753 -85.54938
289.1943 -79.06842
282.7101 -75.17975
280.1165 -73.88373
280.1165 -73.88373
1997.559 133.0986
1538.479 1098.77
-1.296875 -3.888672
-6.484131 -16.85083
-37.60815 -95.91913
-75.21631 -185.3571
-92.0752 -239.7975
-105.0436 -264.4255
-119.3088 -294.238
-124.4961 -308.4963
-138.7614 -338.3089
-153.0265 -369.4178
-163.4011 -392.7493
-165.9949 -404.4152
-167.2917 -407.0076
-168.5884 -409.6001
-168.5884 -410.8963
-168.5884 -410.8963
-168.5884 -410.8963
-168.5884 -410.8963
-168.5884 -410.8963
-168.5884 -410.8963
1543.667 1087.104
1.296875 0
7.780884 -18.14697
19.45251 -46.66333
47.98279 -134.8052
76.51318 -194.4306
90.77832 -229.428
107.6373 -272.2026
141.3551 -337.0128
150.4327 -361.6406
154.3234 -368.1216
156.917 -373.3064
156.917 -375.8989
158.2139 -378.4913
158.2139 -378.4913
158.2139 -378.4913
158.2139 -378.4913
159.5107 -379.7875
159.5107 -379.7875
159.5107 -379.7875
159.5107 -379.7875
159.5107 -379.7875
159.5107 -379.7875
1481.418 855.0833
3.890503 -1.296021
14.26526 -5.184692
24.63989 -9.073364
41.49878 -10.36963
55.76379 -7.777161
64.8418 -6.480957
71.32593 -5.184692
79.10693 -3.888489
89.48169 -3.888489
92.07532 -3.888489
94.66895 -5.184692
95.9657 -5.184692
97.26257 -5.184692
98.55945 -5.184692
99.85632 -5.184692
99.85632 -5.184692
99.85632 -5.184692
1484.012 844.7137
6.484131 0
37.60828 1.296265
55.76392 3.888672
66.13867 6.48114
81.70068 7.777283
89.48169 7.777283
98.55957 7.777283
105.0437 6.48114
106.3406 6.48114
107.6373 6.48114
111.5278 5.184937
114.1215 5.184937
114.1215 5.184937
114.1215 5.184937
115.4183 5.184937
115.4183 5.184937
115.4183 5.184937
115.4183 5.184937
115.4183 5.184937
115.4183 5.184937
1458.075 846.0099
3.890625 0
11.67151 0
55.76404 5.184875
73.91968 5.184875
84.29443 5.184875
90.77856 6.481018
95.96594 7.777344
107.6375 9.073364
114.1216 10.36963
120.6057 10.36963
125.7932 10.36963
130.9805 10.36963
136.1678 10.36963
137.4646 10.36963
140.0582 10.36963
142.652 10.36963
143.9489 10.36963
143.9489 10.36963
143.9489 10.36963
145.2457 10.36963
146.5426 10.36963
146.5426 10.36963
146.5426 10.36963
146.5426 10.36963
146.5426 10.36963
146.5426 10.36963
1464.559 847.3062
-2.593628 0
36.3114 2.592468
59.65454 6.48114
75.21643 7.777161
88.18481 7.777161
95.96582 9.073425
108.9342 9.073425
118.0121 7.777161
124.4962 7.777161
130.9803 7.777161
137.4646 7.777161
140.0583 7.777161
142.652 7.777161
147.8392 7.777161
147.8392 7.777161
147.8392 7.777161
147.8392 7.777161
147.8392 7.777161
147.8392 7.777161
147.8392 7.777161
147.8392 7.777161
147.8392 7.777161
1535.885 1098.77
-1.296875 -7.777344
-7.781006 -23.33179
-28.5304 -69.99487
-53.17029 -115.3621
-85.59131 -182.7646
-111.528 -252.7596
-140.0582 -321.4583
-150.433 -349.9748
-155.6204 -361.6406
-163.4014 -378.4912
-165.9949 -383.676
-167.2917 -387.5646
-167.2917 -387.5646
-167.2917 -387.5646
-167.2917 -387.5646
-167.2917 -387.5646
-167.2917 -387.5646
-167.2917 -387.5646
-165.9949 -387.5646
1555.338 1067.661
2.593506 -3.888672
53.17017 -115.3621
77.81006 -165.9139
92.0752 -207.3924
98.55945 -220.3545
105.0436 -238.5013
111.5277 -255.3519
116.7152 -270.9064
119.3087 -281.2761
124.4961 -298.1266
127.0898 -307.2
130.9802 -317.5696
136.1677 -326.6431
141.355 -335.7165
145.2455 -343.4938
147.8392 -351.2708
149.1361 -353.8633
149.1361 -355.1595
149.1361 -355.1595
149.1361 -355.1595
149.1361 -356.4557
149.1361 -356.4557
149.1361 -356.4557
149.1361 -356.4557
149.1361 -356.4557
1541.073 1105.25
0 3.888672
-1.296875 3.888672
-6.484131 -2.592529
-36.3114 -57.03296
-80.40381 -149.0633
-143.9487 -291.6457
-178.9634 -388.8607
-189.338 -419.9695
-189.338 -425.1544
-189.338 -425.1544
-189.338 -425.1544
-189.338 -425.1544
-189.338 -425.1544
-189.338 -425.1544
-189.338 -425.1544
-189.338 -425.1544
-189.338 -425.1544
-189.338 -425.1544
-189.338 -425.1544
1567.01 1052.106
19.45251 -44.07086
49.27966 -104.9924
77.81018 -168.5063
82.99744 -182.7646
90.77844 -195.7266
98.55957 -208.6885
103.7468 -222.9468
106.3405 -232.0203
108.9341 -239.7974
112.8246 -248.871
115.4183 -256.6482
115.4183 -257.9443
1544.963 1101.362
-3.890625 -9.073486
-44.09253 -98.51141
-71.32605 -151.6556
-94.66919 -200.9113
-107.6375 -228.1316
-130.9805 -279.9797
-151.7299 -317.5696
-160.8077 -335.7165
-168.5887 -353.8633
-173.7761 -368.1214
-178.9634 -384.972
-180.2603 -390.1569
-181.5571 -395.3416
-182.854 -397.9341
-182.854 -399.2303
-182.854 -399.2303
-182.854 -399.2303
-182.854 -399.2303
-182.854 -399.2303
-182.854 -399.2303
1563.119 1066.365
-1.296875 1.296143
2.593628 -1.296387
15.56189 -36.2937
41.49878 -103.6963
64.84167 -162.0255
84.29419 -216.4659
105.0436 -264.4254
128.3867 -327.9394
133.574 -339.6052
136.1676 -346.0862
137.4645 -349.9747
140.0582 -355.1596
141.3551 -357.752
141.3551 -357.752
141.3551 -357.752
141.3551 -357.752
141.3551 -359.0483
141.3551 -360.3443
141.3551 -360.3443
141.3551 -360.3443
141.3551 -360.3443
141.3551 -360.3443
1441.216 851.1948
-1.296875 0
0 0
3.890503 0
18.15564 3.888489
36.31128 7.777161
57.06067 6.480957
75.21631 5.184753
90.77844 5.184753
101.1532 3.888489
111.5278 3.888489
120.6057 3.888489
133.5741 3.888489
142.652 3.888489
149.1361 3.888489
154.3234 3.888489
158.2139 3.888489
160.8076 3.888489
165.995 3.888489
171.1823 3.888489
175.0728 2.592468
178.9633 2.592468
181.557 2.592468
181.557 2.592468
181.557 2.592468
181.557 2.592468
181.557 2.592468
181.557 2.592468
181.557 2.592468
181.557 2.592468
181.557 2.592468
181.557 2.592468
1528.104 1100.066
0 -6.480957
-5.187378 -32.40503
-22.04626 -72.5874
-44.09253 -124.4355
-136.1678 -335.7164
-163.4014 -397.9341
-172.4791 -425.1545
-178.9634 -440.7089
-180.2601 -443.3014
-180.2601 -443.3014
-180.2601 -443.3014
-180.2601 -443.3014
-180.2601 -443.3014
-176.3698 -435.524
1528.104 1103.954
-10.37488 -25.92407
-44.09253 -115.3621
-95.96594 -230.7241
-116.7153 -289.0532
-130.9805 -333.1241
-146.5425 -369.4179
-149.1362 -377.1951
-150.433 -381.0836
-150.433 -382.3798
-150.433 -382.3798
-150.433 -382.3798
-150.433 -382.3798
-150.433 -382.3798
-150.433 -382.3798
-150.433 -382.3798
-150.433 -382.3798
-150.433 -382.3798
-150.433 -382.3798
-150.433 -382.3798
-150.433 -382.3798
-150.433 -382.3798
-151.7299 -382.3798
1544.963 1088.4
-1.296875 0
1.296753 -9.073486
7.780884 -29.81274
37.60815 -106.2888
53.17004 -152.952
77.81006 -211.2811
98.55945 -254.0558
112.8246 -287.757
125.793 -316.2734
134.8707 -338.3089
141.3549 -352.5671
150.4327 -369.4178
154.3232 -377.195
154.3232 -377.195
154.3232 -377.195
154.3232 -377.195
154.3232 -377.195
154.3232 -377.195
154.3232 -377.195
154.3232 -377.195
154.3232 -377.195
154.3232 -377.195
1525.511 1075.438
5.187256 7.777344
10.37476 15.55444
11.67139 20.73926
-1.296753 -7.7771
-71.32593 -172.395
-115.4182 -289.0532
-141.3551 -349.9746
-146.5425 -365.5291
-149.1361 -372.01
-150.4329 -375.8987
-150.4329 -375.8987
-150.4329 -375.8987
-150.4329 -375.8987
-150.4329 -375.8987
-150.4329 -375.8987
-150.4329 -375.8987
-150.4329 -375.8987
-150.4329 -375.8987
-149.1361 -374.6025
1560.525 1078.03
3.890625 -3.888672
77.81006 -195.7267
111.528 -276.0911
124.4963 -308.4963
133.574 -329.2355
138.7614 -343.4938
138.7614 -346.0861
140.0582 -347.3823
140.0582 -349.9748
140.0582 -349.9748
140.0582 -349.9748
140.0582 -349.9748
140.0582 -349.9748
141.3551 -351.271
143.9489 -353.8635
146.5424 -359.0482
149.1361 -361.6404
149.1361 -361.6404
149.1361 -361.6404
149.1361 -361.6404
149.1361 -361.6404
149.1361 -361.6404
1541.073 1106.547
0 -2.592285
-5.187256 -15.55444
-14.26514 -36.2937
-46.68604 -97.21509
-80.40381 -173.691
-129.6836 -279.9797
-158.214 -365.5291
-168.5886 -399.2304
-172.479 -405.7114
-172.479 -407.0076
-172.479 -407.0076
-172.479 -407.0076
-172.479 -407.0076
-172.479 -407.0076
-172.479 -407.0076
-172.479 -407.0076
-172.479 -407.0076
-172.479 -407.0076
-172.479 -407.0076
-172.479 -407.0076
1535.885 1113.028
2.593506 -7.7771
10.37463 -36.29346
120.6056 -309.7924
138.7612 -366.8253
141.355 -375.8987
147.8392 -388.8608
154.3234 -405.7114
158.2137 -417.377
160.8075 -421.2657
160.8075 -422.562
160.8075 -422.562
160.8075 -422.562
160.8075 -422.562
160.8075 -422.562
160.8075 -422.562
160.8075 -422.562
160.8075 -422.562
160.8075 -422.562
1543.667 1084.511
15.56189 -62.21777
44.09229 -142.5823
63.54492 -209.9849
73.91956 -238.5013
76.51318 -244.9822
76.51318 -246.2785
77.81006 -246.2785
82.99744 -255.3519
93.37207 -278.6836
106.3405 -313.681
118.012 -338.3089
129.6835 -359.0481
137.4645 -373.3063
140.0582 -379.7874
140.0582 -379.7874
140.0582 -379.7874
140.0582 -379.7874
141.3551 -382.3797
141.3551 -382.3797
141.3551 -382.3797
141.3551 -382.3797
141.3551 -382.3797
141.3551 -382.3797
141.3551 -382.3797
1543.667 1097.473
29.82715 -67.40259
51.87329 -120.5469
76.51318 -186.6533
94.66882 -228.1318
101.1532 -248.871
106.3405 -263.1293
111.5277 -274.795
116.7151 -281.2761
125.793 -296.8305
133.574 -320.1622
142.6517 -340.9014
149.1361 -355.1596
151.7296 -359.0483
155.6201 -366.8254
158.2139 -372.0103
160.8076 -375.8989
160.8076 -379.7875
163.4011 -384.9722
163.4011 -384.9722
163.4011 -384.9722
163.4011 -384.9722
163.4011 -384.9722
163.4011 -384.9722
163.4011 -384.9722
163.4011 -384.9722
163.4011 -384.9722
163.4011 -383.676
1529.401 1100.066
1.296753 -3.888672
12.96838 -24.62793
51.87341 -116.6583
84.29431 -193.1342
107.6373 -246.2784
128.3867 -295.5342
138.7614 -320.162
153.0266 -353.8633
163.4014 -370.7139
165.9949 -377.1949
169.8854 -381.0836
171.1823 -384.9722
171.1823 -384.9722
171.1823 -386.2683
171.1823 -387.5645
172.4791 -387.5645
172.4791 -390.157
173.776 -391.4532
173.776 -392.7495
173.776 -392.7495
173.776 -392.7495
1390.64 843.4177
1.296875 1.296021
9.077881 3.888489
97.26282 7.777161
134.871 7.777161
150.433 7.777161
160.8076 7.777161
177.6665 5.184692
193.2286 2.592285
204.9 1.296021
215.2749 1.296021
226.9463 1.296021
236.0242 0
250.2893 -1.296326
256.7734 -1.296326
260.6641 -1.296326
264.5544 -1.296326
271.0387 -2.592468
273.6324 -2.592468
274.9293 -2.592468
276.226 -3.888672
277.5228 -3.888672
277.5228 -3.888672
277.5228 -3.888672
277.5228 -3.888672
277.5228 -3.888672
277.5228 -3.888672
1537.182 1114.324
-1.296631 -2.592529
-6.484131 -20.73926
-15.56189 -50.552
-36.31128 -112.7696
-76.51318 -206.0963
-110.2308 -290.3495
-127.0896 -329.2354
-140.0581 -360.3443
-150.4327 -383.676
-155.6201 -392.7495
-159.5106 -400.5266
-162.1042 -408.3038
-163.4011 -413.4887
-164.698 -416.0811
-164.698 -416.0811
-164.698 -416.0811
-164.698 -416.0811
-164.698 -416.0811
-164.698 -416.0811
-164.698 -416.0811
-163.4011 -414.7849
1529.401 1107.843
0 1.296143
12.96838 -11.66602
40.2019 -60.92163
60.95129 -107.585
75.21655 -147.7672
89.48157 -181.4685
110.231 -235.9091
124.4962 -279.9799
136.1678 -313.6812
146.5424 -339.6052
155.6204 -362.937
159.5107 -377.1951
164.698 -387.5647
167.2917 -394.0457
168.5886 -395.3419
168.5886 -395.3419
168.5886 -395.3419
168.5886 -395.3419
168.5886 -395.3419
168.5886 -395.3419
168.5886 -395.3419
168.5886 -395.3419
168.5886 -395.3419
168.5886 -395.3419
1464.559 847.3062
1.296875 2.592468
7.781006 3.888672
31.12415 7.777161
60.95129 5.184814
75.21643 2.592468
86.88794 2.592468
93.37207 2.592468
105.0437 2.592468
110.2311 2.592468
124.4962 1.296204
133.574 1.296204
138.7615 1.296204
142.652 1.296204
146.5425 1.296204
151.7297 1.296204
151.7297 1.296204
153.0266 1.296204
154.3234 1.296204
154.3234 1.296204
154.3234 1.296204
154.3234 1.296204
154.3234 1.296204
154.3234 1.296204
154.3234 1.296204
154.3234 -1.296204
1537.182 1107.843
1.296875 1.296143
1.296875 1.296143
0 -3.888672
-15.56189 -45.36719
-54.46692 -139.99
-90.77832 -221.6508
-106.3405 -256.6482
-116.7151 -292.9419
-129.6833 -320.1622
-141.3549 -340.9014
-153.0265 -362.937
-160.8075 -382.3799
-163.4011 -392.7495
-163.4011 -396.6381
-164.698 -404.4153
-165.9949 -404.4153
-165.9949 -404.4153
-165.9949 -404.4153
-165.9949 -404.4153
-165.9949 -404.4153
-165.9949 -404.4153
-165.9949 -404.4153
-165.9949 -404.4153
-165.9949 -404.4153
-163.4011 -401.8228
1534.589 1088.4
0 1.296143
11.67151 -27.22046
35.01453 -84.25323
54.46704 -127.028
63.5448 -149.0633
75.21643 -169.8026
85.59106 -187.9494
107.6373 -234.6126
118.0121 -283.8684
130.9805 -313.681
140.0581 -338.3089
150.433 -364.2331
154.3234 -372.0101
158.214 -378.4912
160.8075 -383.676
160.8075 -383.676
160.8075 -383.676
160.8075 -383.676
162.1044 -384.9722
162.1044 -384.9722
162.1044 -384.9722
162.1044 -386.2684
162.1044 -386.2684
162.1044 -386.2684
1411.389 851.1948
1.296875 1.296143
47.98291 10.36963
90.77856 15.55438
112.8248 15.55438
119.3088 15.55438
129.6836 14.25812
146.5424 14.25812
164.6981 14.25812
180.2601 14.25812
197.119 14.25812
215.2748 15.55438
229.5399 16.85059
236.024 16.85059
243.8051 18.14679
248.9924 18.14679
251.5862 18.14679
251.5862 18.14679
251.5862 18.14679
251.5862 18.14679
251.5862 18.14679
251.5862 18.14679
251.5862 18.14679
251.5862 18.14679
251.5862 18.14679
251.5862 18.14679
1909.374 846.0099
0 1.296204
-1.296753 7.777344
-44.09241 -1.296265
-57.06079 -19.44305
-72.6228 -47.95947
-80.40381 -80.36462
-82.99744 -102.3999
-80.40381 -119.2507
-76.51331 -130.9164
-71.32593 -136.1013
-60.95129 -137.3975
-46.68604 -124.4354
-37.60828 -106.2886
-27.2334 -81.66064
-19.45251 -62.21771
-11.67151 -49.25574
-7.780884 -37.58984
-3.890503 -29.81268
-1.296753 -20.73926
2.593628 -10.36963
2.593628 -7.777222
0 -22.03552
-2.593628 -46.66327
-3.890503 -63.51385
-5.187378 -84.25311
-7.780884 -99.80762
-9.077759 -111.4735
-9.077759 -119.2507
-6.484253 -124.4354
3.890503 -121.8431
15.56201 -107.5848
23.34302 -93.32654
24.63989 -89.43799
27.23352 -86.84558
28.5304 -84.25311
28.5304 -82.95691
28.5304 -82.95691
29.82727 -82.95691
29.82727 -82.95691
29.82727 -82.95691
