0.243025
0.433175
0.7177902
1.189843
1.510391
1.498934
1.461644
1.523506
1.468261
1.551922
1.584236
1.501126
1.465613
1.343739
1.341453
1.408168
1.409295
1.398134
1.287799
1.29827
1.287595
1.258784
1.049078
0.4764249
0.8301
1.544408
2.060035
2.056455
1.82437
1.751295
1.667798
1.661373
1.580583
1.562516
1.555194
1.576848
1.698477
1.71764
1.718632
1.553473
1.05095
0.9172499
1.975119
1.961833
1.944718
1.8071
1.72069
1.764505
1.083495
1.583997
1.756593
1.89663
2.005015
2.009752
1.975508
1.970744
2.016011
1.833959
1.870278
1.975687
1.887475
1.896425
1.96808
1.884151
1.875057
1.058903
0.6306126
1.569673
1.530092
1.498404
1.493238
1.487891
1.473307
1.429699
1.420382
1.454178
1.389684
1.364166
1.407593
1.38295
1.382765
1.437323
1.351835
0.4682003
0.7661183
1.360085
1.537275
1.464901
1.365742
1.274619
1.204223
1.165854
1.138504
1.137677
1.161845
1.162075
1.279088
1.316505
1.289861
0.9517921
0.6310999
0.815829
0.9804235
1.387648
1.384948
1.38732
1.3876
1.406405
1.413973
1.427101
1.435558
1.461338
1.459317
1.453814
1.500479
1.495556
1.411657
0.6943464
0.1616845
0.3520177
0.6010433
0.9335572
1.08096
1.105905
0.9537705
0.9273621
0.8902863
0.866319
0.9097285
0.9022776
0.938903
0.9660431
0.9138489
0.8169974
0.9005033
0.9800039
0.8882271
0.4063917
0.5182526
0.7570667
0.861284
0.8327808
0.7703794
0.7287443
0.677783
0.6568626
0.6167478
0.5747343
0.5082021
0.4946799
0.50291
0.5052463
0.5090123
0.5103677
0.5092181
0.4666654
0.1392953
0.2919417
0.4291837
0.6095805
0.7111383
0.840387
0.828584
0.9216264
0.7981579
0.8161554
0.8135042
0.8115962
0.8380201
0.878406
0.8606197
0.7217691
0.6146266
0.3284416
0.5588167
0.7964576
1.021199
1.371405
1.060788
0.975275
0.9582105
0.9788275
0.9721028
1.045798
0.9699506
0.9469977
0.9412327
0.9976491
1.034374
1.00754
0.9985026
0.9626623
0.8789442
0.7377299
1.322268
1.324756
1.317536
1.314643
1.346356
1.258415
1.207279
0.5109833
0.8140141
1.347458
1.837122
2.136741
2.013833
1.939901
1.900475
1.702496
1.653094
1.630768
1.579537
1.55579
1.543134
1.554368
1.541267
1.607136
1.598575
1.603986
1.641532
1.627488
1.602108
1.604053
1.606306
1.435835
0.2663715
1.172235
1.633075
1.745274
1.731706
1.697723
1.736838
1.79437
1.779959
1.780136
1.781566
1.85231
1.805234
1.769387
1.749069
1.753572
1.746979
1.716601
1.742522
1.816689
1.811542
0.8923928
0.361675
0.9677419
1.220544
1.290551
1.348491
1.378314
1.461217
1.493826
1.494963
1.481785
1.483108
1.516342
1.577173
1.541371
1.564978
1.596896
1.597609
1.688764
1.717398
1.741432
1.70837
1.525278
0.8084648
0.9939992
1.252079
1.363752
1.745865
1.69009
1.771485
1.992074
1.983141
1.955664
1.969604
2.091789
2.159034
2.246623
2.230544
2.168976
2.267056
2.269176
2.228802
2.02177
2.016152
2.013768
2.051526
2.14253
2.200474
2.182844
2.16315
2.170123
2.17631
2.167816
1.917796
1.031744
1.450457
1.421509
1.332096
1.263826
1.265936
1.217254
1.144126
1.188491
1.087136
1.115743
1.163584
1.162691
1.197844
1.230817
1.141938
0.5087995
0.7800868
1.494469
1.601475
1.401039
1.306848
1.324533
1.35625
1.323954
1.343909
1.349831
1.330166
1.31533
1.314762
0.9046286
0.4236833
0.5878404
0.9206178
1.789133
2.267641
2.356049
2.205743
1.9863
1.794845
1.536338
1.559276
1.555538
1.496877
1.44455
1.354409
1.333421
1.371677
1.293575
1.050129
1.326133
2.264442
3.381754
3.487648
3.341586
3.256454
3.017954
3.128708
3.123527
3.109066
3.129874
2.919011
3.023079
3.068418
3.053406
3.00807
2.923274
2.858296
2.839755
2.802684
2.798198
2.710205
1.6387
1
1
1
1
1
1
1
1
1
1
1
1
1
1
1
1
1
1
1
1
1
1
1
1
1
1
1
1
1
1
1
1
1
1
1
1
1
1
1
1
1
1
0.3728926
0.450536
0.8807071
1.278367
1.249097
1.290672
1.093992
1.13103
1.132868
1.100516
1.066643
1.054465
1.058825
1.001564
0.9675454
0.9855869
0.5804583
0.9481416
1.506632
1.91062
1.998731
2.009304
1.905415
1.763934
1.742846
1.666419
1.626986
1.604649
1.556515
1.562402
1.61522
1.619303
1.595291
1.575317
1.475921
0.8426417
1.342166
1.572714
1.716341
1.668874
0.4223
1.007058
1.438631
1.098649
1.004998
1.018985
1.126043
1.161284
1.171589
1.181516
1.157997
1.130781
1.130292
1.142391
1.172838
1.170156
1.168205
1.183804
1.202717
1.191759
0.7364601
0.5933999
1.423281
1.71304
1.63926
1.669838
1.61434
1.666131
1.650343
1.672257
1.711119
1.742359
1.765142
1.728512
1.687968
1.582497
1.61848
1.578748
1.015296
0.4890331
1.01573
1.372409
1.446259
1.529233
1.517911
1.479797
1.461805
1.50075
1.449372
1.361632
1.333208
1.256069
1.238888
1.134201
1.129355
1.166323
1.228078
1.227544
1.217987
1.43153
1.498629
1.424681
1.390112
0.1873322
0.9727488
1.801629
1.615379
1.364691
1.27209
1.148516
1.169988
1.218787
1.242744
1.32189
0.577388
0.3333333
0.6853958
1.940515
1.68266
1.580294
1.476618
1.413766
1.388323
1.395389
1.393582
1.333524
1.291916
1.323269
1.266381
1.047804
0.3822196
0.6908568
1.636342
1.818953
1.861806
1.827971
1.804648
1.732665
1.548149
1.466019
1.443905
0.8238931
0.4528843
1.39151
1.78146
1.849365
1.675392
1.605202
1.542386
1.536123
1.582468
1.542035
1.537456
1.543594
1.525813
1.429067
1.402271
1.420012
1.349035
0.9601068
0.4586715
1.420829
1.587713
1.632456
1.58515
1.430901
1.382209
1.386
1.30817
1.259638
0.9878122
0.1986174
0.2330329
0.3731224
0.7367145
0.7935622
0.8185034
0.8287567
0.8202067
0.8008395
0.8015881
0.8142642
0.8123262
0.8438786
0.5126134
0.2719396
0.1446791
1.246583
1.915361
2.053966
1.990891
1.824271
1.715478
1.705027
1.713967
1.463012
1.49051
1.350927
1.450999
1.453328
1.411942
1.400291
1.401576
1.410618
1.412056
1.409828
1.173448
0.5689083
1.037221
2.252792
2.281217
2.138765
2.070283
1.989524
2.045027
1.992946
1.969708
2.223979
2.20506
2.238522
2.187222
2.065359
1.96132
1.889183
1.920914
2.056823
1.996159
1.927729
1.924949
1.896379
1.973781
1.865475
1.780212
1.680697
0.9234813
0.562681
0.9340667
1.656908
2.297946
2.706618
2.554788
2.258621
2.297838
2.245757
2.165922
2.076024
1.970284
1.65345
1.619302
1.641449
1.645964
1.638313
1.629079
1.705803
1.599242
0.8764355
0.1339404
1.180708
1.564244
1.622806
1.679106
1.677197
1.813079
1.850688
1.848656
1.829759
1.80819
1.854747
1.723828
1.624668
1.702271
1.709764
1.744293
1.733191
1.822395
1.880011
1.796571
1.756961
1.837352
1.711424
1.913383
1.928912
1.896841
1.875132
1.865258
1.942044
1.935758
1.912892
1.899726
1.946637
2.008847
1.957489
1.592559
0.3417531
0.8273551
0.8558165
0.7945141
0.8137289
0.8551679
0.8975114
0.8906506
0.8626592
0.8609796
0.8436578
0.8844953
0.9160892
1.064277
1.088899
1.033199
0.9958413
1.0088
0.9992777
0.9716459
0.9630827
0.9718701
0.9898061
1.224903
1.438868
1.611959
1.747905
1.784298
1.909375
2.014718
1.973133
1.937782
1.85471
1.748824
1.688368
1.712685
1.723089
1.719427
1.65076
1.498398
0.2528479
0.8235705
1.868933
2.07295
1.797867
1.774919
1.734506
1.721323
1.660084
1.66216
1.661661
1.661077
1.649832
1.614308
1.568639
1.549392
1.55463
1.314241
0.4268083
0.6762077
1.406774
1.493185
1.286902
1.25643
1.221204
1.237297
1.256326
1.24686
1.348093
1.326563
1.259847
1.238697
1.265348
1.23818
1.255872
1.216652
1.224213
1.248184
1.532241
1.696661
1.711535
1.712882
1.596549
1.450185
1.36913
1.390756
1.643403
1.506043
1.47709
1.567699
1.495285
1.412867
1.424312
1.41042
1.334448
1.085529
1.092775
0.6744377
0.9193208
1.07294
1.457924
1.496043
1.41101
1.45252
1.509808
1.504262
1.531833
1.48437
1.571894
1.61397
1.611086
1.630175
1.634828
1.612665
1.510288
1.50389
1.474594
1.135077
0.4894499
0.7063084
1.007269
1.280383
1.612598
1.640686
1.621887
1.548216
1.166489
1.077255
1.025136
0.9948972
1.06595
1.039614
1.05072
1.083127
1.119144
1.135612
1.156826
1.226486
1.335585
1.420664
1.008495
0.8396088
2.52285
3.414825
3.867042
4.166667
4.074566
3.620113
3.319269
3.072245
2.825484
2.888105
2.839836
2.758749
2.736253
2.735439
2.659183
2.471492
1.988206
1.623303
2.61665
3.524234
3.398237
3.265041
3.076204
2.808592
2.685163
2.633715
2.559849
2.506989
2.528015
2.435955
2.376787
2.399457
2.367954
2.36954
2.414836
2.406222
2.414937
2.27176
0.772725
1.365283
1.539446
1.993177
1.863173
1.864127
1.733114
1.653616
1.69305
1.70243
1.645098
1.647582
1.641883
1.57815
1.539158
1.531356
1.459867
1.370132
1.369282
1.396477
1.415252
1.394562
1.374953
1.363095
1.376209
1.377685
1.158509
0.2367683
1.040158
2.028482
2.133805
2.142778
2.132043
2.119431
2.129375
2.088236
2.086368
2.07032
1.990846
1.964702
1.877449
1.88328
1.872309
1.860363
1.850822
1.912545
1.92333
1.918627
1.812307
0.8789581
0.674336
1.188939
1.512967
1.848153
1.994652
2.020936
1.887733
1.603342
1.470969
1.423869
1.500305
1.394156
1.387929
1.439242
1.411705
1.395779
1.388361
1.319199
1.221093
0.6937818
0.6742334
1.055978
2.04343
2.041672
1.492992
1.36327
1.376323
1.379658
1.416146
1.445741
1.527133
1.515553
1.498171
1.559475
1.528455
1.499208
1.579877
1.637023
1.696204
1.756737
1.844675
1.934316
2.027654
2.096251
2.083505
2.079077
0.1603776
0.2970198
0.6759049
0.9175903
1.410359
1.706687
1.58142
1.441857
1.371312
1.262761
1.258025
1.317425
1.298276
1.293624
1.302608
1.29731
1.295259
1.278091
1.18838
0.9887572
0.569273
1.155992
1.323366
1.237512
1.263956
1.296239
1.287334
1.146814
1.04187
1.021702
1.088487
1.059603
0.8011173
0.5224187
0.9767339
1.799659
1.978211
1.961039
1.892189
1.775515
1.584303
1.503016
1.53068
1.537598
1.507518
1.551952
1.686638
1.682808
1.578436
1.534402
1.515527
1.440453
1.371584
1.190374
0.2650709
0.5833004
0.8452715
1.540775
1.933972
1.9509
1.755836
1.063805
1.091676
1.077499
1.067595
1.065849
1.075385
1.072751
1.095105
1.066031
1.034311
1.061042
1.041234
1.017774
1.051331
1.012919
0.6938459
0.2422119
0.4085294
0.6088669
0.9009965
1.362176
1.474414
1.67674
1.725346
1.788817
1.803743
1.81461
1.768437
1.748565
1.725988
1.701585
1.694675
1.644399
1.644808
1.593351
1.62165
1.592639
1.560751
1.540632
1.539304
1.540871
1.498246
1.52035
1.525908
1.523268
1.526155
1.533363
1.412168
0.510744
0.7239354
1.036903
1.344217
1.507797
1.710967
1.730231
1.71953
1.644363
1.644873
1.477614
1.337584
1.346251
1.055118
0.3297874
0.520075
1.4131
1.706869
1.822401
1.739871
1.640457
1.645386
1.605848
1.606933
1.657557
1.600411
1.601628
1.637363
1.726848
1.715402
1.647849
1.519753
1.508568
1.519473
1.490983
1.426493
1.424419
1.230485
0.7227291
1.2924
1.678317
2.13165
2.877425
2.889671
2.624991
2.393035
2.034636
1.634904
1.440945
1.447811
1.299816
1.234427
1.218758
1.194997
1.198311
1.217029
1.230153
1.229181
1.249231
1.266176
0.8987684
0.3238312
0.1590944
0.05259323
0.03245036
1.30765
2.19002
1.903543
1.585794
1.582307
1.477935
1.479833
1.488958
1.492133
1.476457
1.445658
1.417512
1.349003
1.373081
1.228188
0.4889603
0.4899333
0.9371333
2.384587
2.053189
1.784835
1.498981
1.410123
1.310205
1.286879
1.234952
1.231468
1.264326
1.346777
1.394757
1.402354
1.436752
1.518165
1.567479
1.532029
1.535589
1.581899
1.620954
1.378218
0.336396
0.5447235
0.7442926
0.9277515
1.232749
1.388623
1.494566
1.347938
1.264819
1.24484
1.263955
1.321635
1.284209
1.325481
1.325545
1.276193
1.2804
1.299266
1.254594
1.176734
0.9205045
0.3260062
0.7341416
1.130317
1.833567
1.554948
1.41923
1.368238
1.314025
1.32621
1.258371
1.271067
1.266359
1.26514
1.241779
1.236992
1.210653
1.157771
1.096723
0.6468284
0.6902333
2.638625
3.028107
2.596974
2.17816
1.835006
1.716589
1.491021
1.42451
1.477983
1.554429
1.502419
1.316808
1.191021
0.9964659
0.9629815
0.9661587
1.045534
1.062192
1.193385
1.419048
1.619927
1.472719
1.213069
0.9176104
0.2050758
1.948867
2.109054
1.872661
1.666695
1.618949
1.490945
1.390302
1.321229
1.203478
1.236356
1.2206
1.168522
1.129014
1.042076
0.9901484
1.06607
1.075973
1.049973
1.052895
1.13409
1.385064
1.60992
1.820902
1.785834
1.721662
1.680885
1.177787
0.4920083
0.74975
1.029697
1.666096
1.718044
1.575469
1.460871
1.393113
1.194714
1.131555
1.104424
1.1182
1.097248
1.069044
1.06523
1.089738
1.092736
1.113443
1.111315
1.11404
1.115124
1.044858
0.4959521
0.9911416
1.442683
2.360779
2.247919
2.284686
2.328511
2.306016
2.273033
2.222117
2.170627
2.181421
2.191568
2.172423
2.126132
2.095815
2.025762
2.037038
1.986005
1.951075
1.942234
1.927219
1.885663
1.871029
1.82378
1.773038
1.520481
0.5486568
0.7842677
0.9519179
1.175315
1.678661
2.124031
2.096313
2.101998
1.916886
1.939674
1.873214
1.804537
1.771611
1.737212
1.736349
1.718804
1.684847
1.643915
1.577092
1.511123
1.330878
0.5927992
0.94275
1.312158
1.916108
2.062788
1.912109
1.791308
1.725373
1.477489
1.28798
1.338179
1.193507
1.099819
1.11224
1.106239
1.084129
1.003378
0.9197951
0.9304559
0.9781029
0.9776658
0.9238336
1.003872
1.074146
1.077515
1.007565
0.318637
0.5429526
1.121844
1.455477
1.64019
1.689436
1.71602
1.682702
1.700191
1.728229
1.743085
1.725805
1.69911
1.694115
1.653008
1.658342
1.643401
1.635373
1.617734
1.601485
1.596756
1.59468
1.54479
1.544363
1.499231
1.028405
0.5220281
1.013842
1.357733
1.54745
1.918701
2.588559
2.945216
2.805795
2.54574
2.483157
2.357542
2.291988
2.278187
2.187433
2.083543
1.934346
1.9748
2.046092
2.025441
2.008147
1.9249
1.830546
1.829523
1.821758
1.626785
1.10085
0.9428167
1.1756
1.791008
1.839325
1.579582
1.561914
1.511485
1.736797
2.057679
2.16259
2.097798
2.010624
1.813303
1.6229
1.547987
1.61277
1.631574
1.621098
1.619221
1.661414
1.689217
1.711301
1.766601
2.046902
1.818686
0.5086104
0.9116499
2.3049
2.426135
2.426043
2.407901
2.395253
2.50695
2.55143
2.625404
2.584206
2.486712
2.38724
2.295481
2.216814
2.14122
2.056121
2.0044
1.959365
1.914742
1.929036
1.959832
1.944754
1.935865
1.849355
1.568672
0.4352937
0.75925
1.21357
1.515234
1.526052
1.609137
1.670088
1.592898
1.55578
1.527384
1.493507
1.468342
1.470883
1.426715
1.356534
1.287941
1.265753
1.150405
1.094194
1.032359
0.8734371
0.8570741
1.034189
1.123003
1.158073
1.147957
1.12599
1.142078
1.111665
1.063129
1.298887
1.402532
1.392632
1.39048
1.377049
1.292345
1.286791
1.26488
1.210484
1.14702
1.074685
