2591.51 940.6326
1560.525 1133.767
0 -1.296143
3.890625 -32.40503
11.67151 -90.73413
12.96838 -147.767
14.26526 -220.3544
18.15564 -265.7214
20.74939 -282.572
20.74939 -304.6075
20.74939 -324.0505
20.74939 -342.1973
19.45251 -355.1594
19.45251 -361.6404
19.45251 -362.9366
19.45251 -362.9366
19.45251 -364.2328
19.45251 -364.2328
19.45251 -364.2328
19.45251 -364.2328
19.45251 -364.2328
19.45251 -364.2328
19.45251 -364.2328
19.45251 -364.2328
1560.525 1119.509
5.187378 0
58.35754 14.25806
90.77856 15.55444
103.7469 14.25806
111.528 11.66577
121.9026 6.480957
129.6836 2.592285
136.1677 -1.296387
141.3551 -3.888672
146.5424 -10.36963
154.3234 -20.73926
160.8076 -32.40503
164.6982 -41.47852
168.5886 -49.25586
171.1824 -58.32935
171.1824 -69.99512
167.2917 -89.43799
159.5107 -110.1772
153.0265 -123.1393
140.0582 -137.3976
119.3088 -147.7673
93.37219 -154.2482
71.32605 -155.5444
44.09253 -158.1369
31.12402 -159.4329
25.93677 -160.7292
22.04626 -160.7292
16.85876 -162.0254
11.67151 -162.0254
6.484253 -163.3216
2.59375 -164.6179
0 -164.6179
0 -164.6179
1586.462 954.8909
1.296753 1.296265
11.67139 9.073425
27.23352 16.85059
58.35767 22.03552
88.18469 22.03552
105.0437 19.44305
119.309 12.9621
133.574 9.073425
143.9487 0
154.3234 -14.2583
162.1044 -33.70123
168.5885 -50.55188
171.1823 -73.88342
169.8854 -104.9923
160.8075 -130.9165
140.0581 -152.9518
70.02905 -186.6531
37.60828 -185.3569
14.26514 -181.4683
-9.078003 -177.5797
-29.82727 -173.691
-42.79553 -173.691
-46.68616 -172.3948
-50.57654 -171.0987
-53.17029 -169.8024
-55.76404 -168.5063
-57.06079 -168.5063
-57.06079 -168.5063
-58.35754 -168.5063
-58.35754 -168.5063
2367.157 269.1998
1048.275 1315.235
-2.593628 0
-7.781006 -6.481201
-15.56189 -20.73926
-45.38916 -77.77222
-62.24805 -127.0278
-90.7785 -199.6152
-120.6057 -252.7595
-136.1677 -281.2761
-147.8392 -312.3849
-164.6981 -360.3444
-171.1823 -384.9722
-180.2601 -417.3773
-182.8537 -426.4507
-193.2284 -448.4861
-199.7126 -461.4481
-199.7126 -461.4481
-199.7126 -461.4481
-199.7126 -461.4481
-199.7126 -461.4481
-199.7126 -461.4481
-199.7126 -461.4481
-199.7126 -461.4481
-199.7126 -461.4481
-199.7126 -461.4481
1050.869 1306.162
-1.296875 1.296143
-1.296875 1.296143
19.45251 -29.81274
50.57654 -103.6963
95.9657 -212.5771
107.6373 -242.3899
124.4961 -274.7949
128.3867 -283.8684
132.2772 -290.3494
138.7614 -311.0886
150.4329 -342.1975
162.1044 -369.4177
189.338 -435.524
194.5253 -449.7823
195.8221 -451.0786
197.119 -456.2632
197.119 -456.2632
197.119 -456.2632
197.119 -456.2632
197.119 -456.2632
197.119 -456.2632
197.119 -456.2632
197.119 -456.2632
197.119 -456.2632
910.8107 1009.332
1.296875 0
33.71777 2.592285
86.88794 3.888489
138.7614 2.592285
185.4474 2.592285
207.4937 6.480957
225.6494 10.36945
237.3209 11.66577
246.3987 11.66577
260.6639 11.66577
273.6323 11.66577
281.4133 10.36945
282.7101 10.36945
284.0069 10.36945
285.3038 10.36945
286.6006 9.073425
286.6006 9.073425
287.8975 9.073425
289.1944 7.777161
291.788 7.777161
293.0848 6.480957
1637.039 1162.283
0 -3.888672
2.593628 -19.44312
2.593628 -57.03296
6.484253 -103.6963
6.484253 -139.99
5.187378 -169.8027
5.187378 -197.0229
5.187378 -211.2812
2.593628 -238.5014
2.593628 -263.1292
6.484253 -290.3495
22.04614 -309.7925
42.79553 -311.0886
60.95129 -305.9039
79.10693 -303.3115
85.59119 -303.3115
90.77844 -302.0152
94.66907 -302.0152
98.55945 -302.0152
102.4501 -302.0152
103.7468 -302.0152
106.3406 -303.3115
108.9341 -304.6077
1640.929 1163.58
1.296875 -11.66577
-1.296875 -159.4329
-1.296875 -244.9822
2.59375 -278.6836
5.1875 -298.1266
9.077881 -307.2
15.56201 -317.5696
24.64001 -322.7544
40.2019 -325.3469
59.65442 -325.3469
71.32605 -325.3469
92.0752 -321.4583
97.2627 -320.1619
101.1532 -320.1619
106.3405 -320.1619
108.9342 -318.8659
111.528 -318.8659
114.1215 -318.8659
115.4183 -317.5696
115.4183 -317.5696
115.4183 -318.8659
1647.413 1166.172
-1.296631 0
-2.593506 -11.66602
-9.077881 -72.5874
-11.67151 -134.8052
-11.67151 -203.5039
-6.484131 -251.4634
25.93677 -289.0533
49.27979 -299.4229
70.02917 -303.3115
86.88794 -303.3115
101.1532 -302.0152
106.3405 -300.7192
111.528 -300.7192
115.4185 -299.4229
118.0121 -298.1267
118.0121 -298.1267
118.0121 -298.1267
118.0121 -298.1267
118.0121 -298.1267
118.0121 -298.1267
1635.742 1151.914
1.296875 3.888672
1.296875 3.888672
2.593628 -7.777344
-1.296875 -95.91895
-6.484131 -145.1747
-6.484131 -185.357
-6.484131 -215.1697
-3.890381 -246.2786
1.296875 -270.9063
6.484253 -286.4609
14.26526 -296.8305
24.63989 -303.3115
46.68616 -307.2001
63.54492 -307.2001
79.10693 -303.3115
95.96594 -300.719
102.4501 -299.4229
110.231 -299.4229
118.012 -299.4229
121.9026 -299.4229
123.1995 -299.4229
124.4963 -299.4229
124.4963 -299.4229
124.4963 -299.4229
124.4963 -299.4229
1646.117 1170.061
-6.484375 -38.88599
-10.37488 -190.5417
-9.078003 -247.5745
-6.484375 -286.4607
3.890381 -314.9772
15.56189 -326.6429
29.82703 -329.2354
108.934 -311.0886
140.0581 -304.6076
143.9486 -304.6076
143.9486 -304.6076
143.9486 -304.6076
143.9486 -304.6076
143.9486 -304.6076
143.9486 -304.6076
143.9486 -304.6076
143.9486 -304.6076
143.9486 -304.6076
1644.82 1149.321
-1.296875 0
-1.296875 -2.592285
0 -19.44287
-1.296875 -88.14185
-3.890625 -127.0278
-7.781128 -174.9873
-11.67163 -212.5771
-10.37488 -233.3164
-7.781128 -244.9822
-3.890625 -259.2404
1.296875 -276.0911
12.96826 -286.4607
25.93665 -289.053
45.38916 -287.7568
63.5448 -282.5721
79.10693 -282.5721
89.48145 -283.8683
93.37207 -283.8683
97.26257 -283.8683
101.153 -283.8683
103.7467 -283.8683
105.0436 -283.8683
105.0436 -283.8683
105.0436 -283.8683
105.0436 -283.8683
2336.033 337.8986
1052.166 1310.051
-1.296875 0
-10.37476 -14.2583
-53.17035 -98.51147
-81.70074 -197.0229
-112.8248 -254.0557
-136.1678 -303.3115
-149.1362 -337.0128
-163.4014 -370.7139
-189.3381 -448.4861
-189.3381 -448.4861
-189.3381 -448.4861
-189.3381 -448.4861
-189.3381 -448.4861
-189.3381 -448.4861
-189.3381 -448.4861
-189.3381 -448.4861
-189.3381 -448.4861
-189.3381 -448.4861
1035.307 1304.866
3.890381 -5.184814
40.20178 -59.62524
70.02905 -112.7698
84.29431 -133.509
92.0752 -145.1748
97.26257 -158.1367
110.231 -185.3569
149.136 -286.4608
175.0728 -348.6785
189.3379 -382.3797
195.822 -400.5267
206.1968 -430.3394
211.3842 -442.0051
213.9778 -448.4861
215.2747 -448.4861
215.2747 -448.4861
215.2747 -448.4861
215.2747 -448.4861
215.2747 -448.4861
215.2747 -448.4861
215.2747 -448.4861
215.2747 -448.4861
895.2488 1010.628
10.37457 3.888611
22.04614 7.777283
33.71759 7.777283
86.88794 9.073303
121.9024 10.36963
149.136 10.36963
176.3696 7.777283
197.119 7.777283
216.5715 7.777283
271.0386 10.36963
293.0847 10.36963
304.7563 10.36963
312.5372 10.36963
317.7246 9.073303
319.0214 9.073303
320.3182 9.073303
320.3182 9.073303
322.912 7.777283
322.912 7.777283
322.912 7.777283
322.912 7.777283
322.912 7.777283
322.912 7.777283
322.912 7.777283
