1.029086
0.4517601
1.1344
1.7723
2.049106
1.982846
1.924035
1.917057
1.766915
1.753384
1.702726
1.688408
1.653724
1.590189
1.565504
1.547743
1.549749
1.53488
1.537014
1.556293
1.538754
1.520273
1.508471
1.294687
0.3333333
1.412442
2.143142
2.278059
2.140214
2.048331
2.013932
1.971452
1.91265
1.833223
1.8431
1.883087
1.887177
1.900517
1.945212
1.979223
2.078258
2.246572
2.261266
2.310278
2.432836
2.651505
2.819374
2.788957
2.683896
2.766661
2.793274
2.998262
3.121958
3.119496
3.044996
3.023124
2.981815
1.922422
0.9049417
1.3318
1.715675
2.08415
2.425611
2.533274
2.45206
2.292431
2.219083
2.261105
2.360452
2.41958
2.972945
2.741356
2.396985
2.421679
2.545635
2.692224
2.464375
2.639171
2.775505
2.847869
2.79166
2.752427
2.738539
2.647372
2.580677
2.596899
2.616009
2.542491
1.995598
0.812875
0.6517896
1.367017
1.787367
2.052525
2.648317
2.732189
2.725169
2.523162
2.497684
2.41153
2.420164
2.382613
2.473804
2.52444
2.462651
2.558338
2.286485
2.173977
2.076162
1.69131
1.149708
1.023485
1.449823
1.810745
1.535666
0.2957511
0.6026816
1.0299
1.983517
2.234715
2.234872
2.298413
2.314577
1.604151
2.257006
2.437865
2.640418
2.691269
2.422365
2.253209
2.223262
2.205776
2.272479
2.406128
2.39379
2.358189
2.296399
2.220424
2.203256
1.406408
0.4861333
1.678733
2.151462
2.478645
2.569578
2.493757
2.42971
2.315679
2.225322
2.209917
2.218117
2.237139
2.197769
2.154872
2.134613
2.149056
2.281404
2.437493
2.38577
2.352707
2.333281
2.246644
0.5808272
0.911475
1.291408
1.872725
1.888427
1.884678
1.803393
1.681585
1.68871
1.675715
1.734214
1.827344
1.986857
1.989585
2.043826
2.157997
2.268778
2.237007
2.114017
1.966501
1.593739
1.37043
1.22782
1.041903
1.075483
1.5446
2.579868
2.258603
2.079583
1.955447
1.916281
1.869644
1.847698
1.91605
2.128298
2.130765
2.140335
2.075977
2.02123
1.969491
1.891613
1.833346
1.790007
1.70627
1.562562
1.272694
0.6785605
1.164292
1.5131
2.2123
2.416901
2.498166
2.485645
2.278835
2.335388
2.322423
2.248519
2.289247
2.307791
2.333812
2.249822
2.178772
2.175794
2.175313
2.111893
2.113572
1.783355
0.3333333
0.3333333
0.7010916
1.425575
2.370297
2.656232
2.534003
2.464794
2.349265
2.148001
2.087436
2.148765
2.098004
2.135729
2.154294
2.142531
2.098178
2.111907
2.183818
2.081018
1.856212
1.720162
1.690818
1.707777
1.545974
0.9218796
0.5665417
1.336525
1.707425
1.753302
1.849995
1.911087
1.803146
1.808033
1.749197
1.709193
1.647915
1.599556
1.557475
1.54878
1.570326
1.591553
1.516471
1.49614
1.419203
0.5578167
0.9181958
1.103233
1.46282
1.804507
1.838826
1.884594
1.836645
1.68933
1.667136
1.701724
1.82912
1.838685
1.937091
1.975761
1.934649
1.902651
1.89168
1.909771
1.947193
1.971517
1.919101
1.851755
1.818097
1.762615
1.309854
0.746925
0.5659083
0.8705167
1.122083
1.586907
1.491914
1.524587
1.495558
1.416178
1.381018
1.034546
1.112269
1.117046
1.10095
1.100283
1.063397
1.017348
0.9361163
0.9194778
0.4831147
0.6678833
0.9449333
1.518108
1.690434
1.541937
1.359787
1.358522
1.323742
1.449268
1.463647
1.452771
1.403792
1.431363
1.426217
1.38365
1.387117
1.392668
1.378619
1.359396
1.375519
1.359349
1.283399
0.7745178
0.7308522
0.9239472
1.103579
1.138794
1.361478
1.466731
1.580685
1.649121
1.62018
1.564964
1.525344
1.450257
1.401878
1.326753
1.32294
1.254531
1.24823
1.239333
1.263005
1.257519
1.249091
1.302035
1.333449
1.386063
1.385673
