1429.545 183.6504
1959.951 243.2758
1970.325 249.7568
1533.292 1110.435
1530.698 1110.435
1506.058 1046.921
1469.747 961.3719
1446.404 905.6353
1425.654 830.4556
1419.17 805.8276
1408.796 774.7189
1399.718 759.1644
1376.375 713.7974
1367.297 685.2809
1366 680.0961
1366 678.7998
1364.703 677.5035
1568.306 1006.739
1564.416 1010.628
1563.119 1011.924
1565.713 1011.924
1576.087 996.3694
1608.508 914.7087
1630.554 866.7492
1652.601 809.7163
1674.647 765.6453
1681.131 742.3138
1686.318 724.1668
1690.209 715.0935
1692.803 709.9087
1581.275 1041.737
1583.868 1033.959
1589.056 1015.813
1592.946 991.1848
1607.211 947.1138
1630.554 888.7847
1642.226 856.3796
1657.788 809.7163
1669.459 779.9036
1679.834 759.1644
1683.725 747.4985
1690.209 731.9442
1692.803 724.1668
1694.099 724.1668
1694.099 722.8708
1695.396 720.2783
1696.693 716.3898
1699.287 707.3162
1701.88 702.1315
1563.119 1040.44
1565.713 1048.218
1582.572 1013.22
1631.851 903.0428
1659.085 830.4556
1675.944 782.4961
1686.318 759.1644
1695.396 743.61
1701.88 726.7593
1704.474 716.3898
1704.474 715.0935
1705.771 715.0935
1705.771 713.7974
1705.771 715.0935
1600.727 970.4455
1669.459 838.2327
1686.318 788.9771
1694.099 753.9797
1697.99 741.0176
1697.99 739.7214
1699.287 739.7214
1700.583 738.4251
1703.177 734.5364
1585.165 1006.739
1586.462 995.0732
1620.18 923.782
1682.428 798.0505
1692.803 763.053
1697.99 747.4985
1704.474 730.6479
1708.365 718.9821
1709.661 716.3898
1709.661 715.0935
1710.958 716.3898
1587.759 987.2961
1625.367 897.8581
1659.085 827.8631
1675.944 799.3467
1687.615 773.4226
1692.803 755.2757
1695.396 739.7214
1697.99 731.9442
1701.88 721.5745
1705.771 716.3898
1513.839 1103.954
1516.433 1090.992
1511.245 1062.476
1500.871 1026.182
1463.263 919.8936
1424.358 822.6784
1412.686 783.7922
1393.234 741.0176
1381.562 721.5745
1380.265 717.6859
1377.672 711.2049
1376.375 708.6125
1376.375 707.3162
1375.078 707.3162
1375.078 706.0202
1576.087 1039.144
1573.494 1040.44
1574.791 1035.256
1583.868 1010.628
1607.211 944.5213
1642.226 870.6379
1699.287 724.1668
1707.068 707.3162
1709.661 703.4277
1712.255 708.6125
1525.511 1102.658
1525.511 1101.362
1530.698 1088.4
1537.182 1066.365
1617.586 899.1543
1652.601 809.7163
1670.756 772.1265
1678.537 752.6834
1691.506 726.7593
1699.287 713.7974
1701.88 709.9087
1701.88 711.2049
1528.104 1089.696
1528.104 1085.807
1511.245 1052.106
1490.496 1006.739
1482.715 978.2227
1469.747 931.5593
1456.779 896.5618
1441.216 856.3796
1429.545 820.0859
1421.764 792.8655
1419.17 769.534
1415.28 755.2757
1408.796 735.8328
1402.311 720.2783
1402.311 718.9821
1402.311 715.0935
1401.015 709.9087
1399.718 708.6125
1398.421 707.3162
1397.124 706.0202
1395.827 704.7239
1560.525 1053.402
1561.822 1052.106
1565.713 1049.514
1570.9 1040.44
1579.978 1010.628
1589.056 978.2227
1603.321 935.4479
1614.992 908.2277
1635.742 868.0454
1653.897 830.4556
1673.35 795.458
1692.803 750.091
1696.693 739.7214
1699.287 731.9442
1700.583 725.4631
1703.177 720.2783
1704.474 715.0935
1707.068 708.6125
1708.365 704.7239
1709.661 700.8353
1710.958 699.5391
1710.958 698.2429
1577.384 1050.81
1581.275 1040.44
1602.024 973.0378
1627.961 910.8201
1646.117 873.2302
1669.459 826.5669
1682.428 799.3467
1695.396 772.1265
1701.88 752.6834
1703.177 744.9061
1707.068 730.6479
1709.661 724.1668
1709.661 720.2783
1710.958 718.9821
1710.958 717.6859
1710.958 716.3898
1712.255 715.0935
1712.255 713.7974
1712.255 711.2049
1713.552 711.2049
1579.978 1014.516
1585.165 1002.85
1609.805 932.8557
1634.445 877.1188
1646.117 846.0099
1662.975 807.1238
1679.834 769.534
1685.022 751.3872
1688.912 743.61
1690.209 737.1289
1692.803 733.2404
1694.099 729.3517
1695.396 724.1668
1696.693 721.5745
1697.99 718.9821
1697.99 715.0935
1557.932 1088.4
1591.649 1001.554
1640.929 897.8581
1673.35 822.6784
1694.099 772.1265
1703.177 750.091
1708.365 731.9442
1710.958 724.1668
1712.255 718.9821
1713.552 715.0935
1714.849 712.5012
1714.849 709.9087
1716.146 709.9087
1522.917 1075.438
1525.511 1079.326
1537.182 1085.807
1547.557 1090.992
1592.946 1017.109
1616.289 960.0759
1633.148 917.3011
1651.304 878.415
1664.272 851.1948
1672.053 834.3441
1678.537 822.6784
1686.318 807.1238
1692.803 787.6808
1697.99 768.2378
1701.88 759.1644
1704.474 751.3872
1709.661 735.8328
1710.958 728.0555
1713.552 721.5745
1716.146 717.6859
1716.146 716.3898
1717.442 715.0935
1530.698 1089.696
1534.589 1087.104
1547.557 1065.068
1567.01 1036.552
1596.837 991.1848
1626.664 938.0403
1651.304 883.5999
1666.866 844.7137
1678.537 805.8276
1682.428 774.7189
1685.022 759.1644
1690.209 735.8328
1691.506 730.6479
1692.803 725.4631
1694.099 721.5745
1694.099 720.2783
1694.099 718.9821
1695.396 718.9821
1533.292 1076.734
1535.885 1080.623
1561.822 1027.478
1591.649 967.853
1611.102 928.967
1626.664 886.1922
1638.335 857.6758
1652.601 827.8631
1661.678 805.8276
1672.053 778.6074
1679.834 757.8682
1683.725 744.9061
1687.615 735.8328
1690.209 725.4631
1691.506 722.8708
1692.803 718.9821
1694.099 715.0935
1695.396 711.2049
1696.693 708.6125
1696.693 707.3162
1697.99 707.3162
1697.99 706.0202
1507.355 1089.696
1508.652 1089.696
1516.433 1079.326
1529.401 1057.291
1569.603 997.6657
1595.54 948.41
1614.992 909.5239
1635.742 877.1188
1648.71 853.7873
1673.35 821.3821
1687.615 796.7542
1699.287 770.8303
1712.255 733.2404
1717.442 722.8708
1438.623 849.8986
1439.92 849.8986
1443.81 851.1948
1448.998 851.1948
1458.075 851.1948
1519.026 851.1948
1589.056 855.0833
1604.618 855.0833
1613.696 853.7873
1627.961 853.7873
1631.851 852.491
1634.445 852.491
1635.742 852.491
1428.248 865.4529
1429.545 864.1569
1429.545 862.8606
1432.139 862.8606
1459.372 860.2682
1500.871 858.972
1550.151 857.6758
1644.82 855.0833
1655.194 853.7873
1656.491 853.7873
1543.667 1085.807
1542.37 1085.807
1631.851 864.1569
1678.537 788.9771
1694.099 746.2023
1701.88 713.7974
1704.474 711.2049
1498.277 1210.243
1478.825 1186.911
1404.905 1074.142
1275.221 883.5999
1135.163 687.8732
1270.034 932.8557
1464.559 1216.724
1524.214 1278.942
1572.197 1199.873
1609.805 1107.843
1648.71 1001.554
1670.756 906.9315
1691.506 847.3062
1700.583 795.458
1705.771 781.1999
1708.365 774.7189
1707.068 774.7189
1454.185 1078.03
1565.713 1135.063
1666.866 1171.357
1480.121 770.8303
2031.276 883.5999
1247.988 370.3037
1100.149 654.172
1509.949 1061.179
2225.802 444.1871
1744.676 409.1898
1393.234 529.7365
983.4336 712.5012
1072.915 908.2277
1639.632 766.9416
1862.688 341.7871
1961.248 230.3138
1704.474 497.3315
987.324 673.6151
746.1127 822.6784
1057.353 1026.182
1695.396 940.6326
2150.585 788.9771
2260.816 750.091
1771.91 685.2809
1198.708 532.329
1129.976 494.7391
1568.306 636.025
1745.973 664.5416
1709.661 638.6176
1630.554 601.0277
1438.623 485.6656
1543.667 507.7012
1743.379 569.9188
1819.892 585.4733
1858.797 598.4352
1866.578 601.0277
1869.172 601.0277
1870.469 601.0277
1869.172 599.7314
976.9493 969.1492
974.3557 979.5189
969.1683 1000.258
949.7158 1026.182
908.217 1062.476
866.7183 1075.438
809.6575 1068.957
750.0032 1014.516
724.0664 947.1138
740.9252 906.9315
772.0493 847.3062
820.0322 826.5669
851.1563 791.5695
826.5165 756.572
795.3924 734.5364
765.5652 689.1694
752.5968 598.4352
790.205 564.734
823.9228 537.5137
840.7816 531.0327
868.0152 533.6251
888.7645 537.5137
915.998 546.5873
928.9664 558.2529
940.6379 569.9188
951.0126 580.2885
965.2778 602.3239
971.762 613.9897
978.2462 630.8403
980.8398 647.6909
986.0272 682.6885
987.324 689.1694
989.9177 690.4656
995.105 695.6506
1011.964 694.3543
1028.823 681.3922
1053.463 656.7643
1071.618 639.9137
1083.29 625.6556
1098.852 610.1011
1115.711 591.9542
1135.163 577.6959
1150.725 575.1036
1162.397 576.3998
1180.553 593.2505
1193.521 608.8048
1196.115 634.729
1194.818 661.9492
1189.63 683.9847
1179.256 709.9087
1168.881 729.3517
1157.209 751.3872
1148.132 765.6453
1139.054 774.7189
1129.976 782.4961
1115.711 791.5695
1106.633 794.1619
1098.852 799.3467
1097.555 809.7163
1105.336 823.9744
1114.414 838.2327
1127.382 851.1948
1140.351 866.7492
1148.132 883.5999
1159.803 921.1897
1159.803 932.8557
1157.209 949.7062
1154.616 966.5568
1145.538 988.5923
1145.538 1026.182
1127.382 1043.033
1096.258 1054.698
1070.322 1058.587
1048.275 1066.365
1043.088 1067.661
1024.932 1061.179
1015.854 1054.698
1005.48 1040.44
993.8083 1017.109
986.0272 996.3694
979.543 975.6302
971.762 948.41
970.4651 945.8176
970.4651 943.2251
970.4651 940.6326
970.4651 939.3366
1223.348 1201.169
1216.864 1198.577
1207.786 1172.653
1171.475 1079.326
1057.353 878.415
988.6208 765.6453
980.8398 743.61
980.8398 738.4251
1952.17 240.6835
1965.138 244.5719
1546.26 1100.066
1522.917 1067.661
1481.418 1013.22
1364.703 835.6403
1205.192 693.0581
1305.049 1054.698
1723.927 1090.992
1825.08 1075.438
1793.956 1070.253
1793.956 1065.068
1512.542 1076.734
1472.34 1000.258
1419.17 844.7137
1406.202 770.8303
1404.905 765.6453
1404.905 764.3493
1247.988 764.3493
1254.472 768.2378
1260.956 778.6074
1273.925 801.9391
1307.642 877.1188
1334.876 951.0023
1353.032 996.3694
1362.109 1018.405
1367.297 1032.663
1368.594 1041.737
1371.187 1050.81
1372.484 1057.291
1372.484 1061.179
1373.781 1062.476
1373.781 1066.365
1385.453 848.6024
1404.905 842.1213
1441.216 844.7137
1489.199 849.8986
1543.667 853.7873
1591.649 853.7873
1626.664 853.7873
1646.117 853.7873
1651.304 853.7873
1652.601 853.7873
1528.104 1114.324
1526.808 1111.731
1517.73 1067.661
1473.637 913.4124
1424.358 809.7163
1397.124 757.8682
1380.265 728.0555
1373.781 717.6859
1372.484 713.7974
1371.187 713.7974
1506.058 1087.104
1507.355 1088.4
1513.839 1085.807
1530.698 1031.367
1605.915 895.2656
1644.82 821.3821
1660.382 788.9771
1673.35 757.8682
1682.428 744.9061
1687.615 734.5364
1687.615 730.6479
1528.104 1085.807
1535.885 1041.737
1589.056 899.1543
1620.18 848.6024
1652.601 803.2352
1687.615 755.2757
1692.803 737.1289
1696.693 730.6479
1847.126 897.8581
1860.094 930.2632
1880.844 979.5189
1958.654 1103.954
2013.121 1167.468
2019.605 1175.245
2031.276 1180.43
446.5437 507.7012
1388.046 709.9087
1384.156 712.5012
1381.562 722.8708
1399.718 766.9416
1428.248 836.9365
1472.34 932.8557
1486.606 984.7036
1496.98 1004.147
1513.839 1031.367
1525.511 1053.402
1530.698 1063.772
1533.292 1075.438
1534.589 1078.03
1534.589 1081.919
1535.885 1083.215
1535.885 1084.511
1446.404 896.5618
1424.358 829.1594
1402.311 783.7922
1398.421 774.7189
1394.53 763.053
1391.937 757.8682
1390.64 755.2757
1390.64 752.6834
1389.343 748.7947
1388.046 743.61
1535.885 1106.547
1534.589 1092.288
1526.808 1065.068
1513.839 1017.109
1490.496 967.853
1471.044 912.1164
1446.404 870.6379
1436.029 846.0099
1429.545 825.2707
1424.358 811.0125
1413.983 788.9771
1401.015 765.6453
1390.64 748.7947
1380.265 726.7593
1376.375 716.3898
1372.484 702.1315
1371.187 698.2429
1371.187 695.6506
1573.494 1031.367
1569.603 1036.552
1567.01 1040.44
1568.306 1036.552
1586.462 992.4808
1639.632 877.1188
1657.788 838.2327
1673.35 813.6048
1683.725 794.1619
1688.912 776.015
1692.803 764.3493
1697.99 742.3138
1701.88 728.0555
1701.88 725.4631
1703.177 724.1668
1513.839 1109.139
1515.136 1105.25
1520.323 1089.696
1537.182 1044.329
1556.635 1018.405
1577.384 984.7036
1590.353 963.9644
1596.837 949.7062
1607.211 928.967
1620.18 912.1164
1633.148 887.4885
1643.523 856.3796
1650.007 823.9744
1655.194 799.3467
1664.272 770.8303
1672.053 746.2023
1674.647 737.1289
1675.944 731.9442
1677.24 726.7593
1678.537 724.1668
1679.834 721.5745
1679.834 720.2783
1535.885 1110.435
1535.885 1113.028
1537.182 1107.843
1550.151 1070.253
1570.9 1031.367
1591.649 982.1111
1612.399 936.7441
1624.07 891.3771
1631.851 874.5264
1642.226 840.8252
1652.601 807.1238
1662.975 778.6074
1670.756 753.9797
1677.24 738.4251
1681.131 731.9442
1682.428 728.0555
1685.022 724.1668
1686.318 721.5745
1687.615 718.9821
1690.209 717.6859
938.0443 572.5112
960.0905 612.6935
1021.042 707.3162
1119.601 856.3796
1237.613 1023.59
961.3873 659.3568
966.5746 661.9492
975.6525 672.3188
1013.261 755.2757
1081.993 868.0454
1170.178 983.4074
1244.097 1072.845
1264.847 1111.731
1273.925 1127.286
1280.409 1136.359
1285.596 1144.136
1288.19 1150.617
1290.784 1157.099
1292.08 1159.691
1293.377 1163.58
1369.891 694.3543
1371.187 695.6506
1375.078 709.9087
1384.156 738.4251
1397.124 764.3493
1408.796 785.0886
1419.17 799.3467
1425.654 817.4935
1436.029 849.8986
1443.81 870.6379
1451.591 890.0809
1459.372 906.9315
1468.45 926.3745
1477.528 945.8176
1485.309 970.4455
1491.793 991.1848
1498.277 1013.22
1502.168 1028.775
1512.542 1045.625
1520.323 1061.179
1521.62 1066.365
1526.808 1078.03
1529.401 1083.215
1529.401 1084.511
1529.401 1085.807
1531.995 1083.215
1531.995 1109.139
1531.995 1103.954
1526.808 1092.288
1517.73 1063.772
1494.387 1010.628
1473.637 957.4834
1463.263 930.2632
1455.482 908.2277
1443.81 879.7112
1430.842 853.7873
1420.467 826.5669
1406.202 781.1999
1393.234 746.2023
1384.156 729.3517
1378.968 716.3898
1373.781 703.4277
1371.187 696.9466
1369.891 694.3543
1369.891 693.0581
1369.891 690.4656
1368.594 689.1694
1369.891 689.1694
1564.416 1022.293
1568.306 1022.293
1578.681 1011.924
1583.868 996.3694
1589.056 978.2227
1612.399 914.7087
1626.664 890.0809
1637.039 869.3416
1650.007 830.4556
1656.491 808.4201
1662.975 790.2733
1670.756 770.8303
1677.24 760.4606
1681.131 748.7947
1686.318 738.4251
1691.506 728.0555
1694.099 721.5745
1695.396 715.0935
1696.693 711.2049
1696.693 709.9087
1530.698 1096.177
1530.698 1094.881
1531.995 1087.104
1542.37 1057.291
1557.932 1030.071
1569.603 1004.147
1579.978 979.5189
1591.649 953.5947
1603.321 936.7441
1612.399 921.1897
1626.664 897.8581
1640.929 873.2302
1656.491 833.048
1666.866 803.2352
1678.537 773.4226
1687.615 755.2757
1691.506 741.0176
1696.693 729.3517
1699.287 721.5745
1700.583 716.3898
1700.583 713.7974
1701.88 712.5012
1701.88 711.2049
1701.88 709.9087
1537.182 1100.066
1537.182 1101.362
1530.698 1083.215
1515.136 1036.552
1500.871 996.3694
1486.606 966.5568
1474.934 936.7441
1460.669 908.2277
1441.216 874.5264
1426.951 843.4177
1410.093 796.7542
1394.53 766.9416
1384.156 739.7214
1376.375 718.9821
1373.781 712.5012
1369.891 704.7239
1369.891 702.1315
1369.891 700.8353
1535.885 1090.992
1568.306 1031.367
1598.133 974.334
1612.399 947.1138
1618.883 935.4479
1621.477 931.5593
1624.07 926.3745
1626.664 919.8936
1629.258 916.0049
1631.851 910.8201
1635.742 905.6353
1637.039 901.7468
1528.104 1075.438
1533.292 1075.438
1551.447 1063.772
1568.306 1049.514
1591.649 1001.554
1596.837 985.9998
1605.915 963.9644
1616.289 941.929
1629.258 913.4124
1642.226 877.1188
1652.601 843.4177
1664.272 812.3088
1673.35 791.5695
1681.131 772.1265
1686.318 757.8682
1691.506 744.9061
1694.099 733.2404
1697.99 720.2783
1700.583 713.7974
1700.583 712.5012
1700.583 711.2049
1699.287 711.2049
1406.202 847.3062
1430.842 849.8986
1456.779 851.1948
1473.637 851.1948
1478.825 851.1948
1481.418 851.1948
1484.012 851.1948
1485.309 851.1948
1486.606 851.1948
1485.309 851.1948
1529.401 1106.547
1542.37 1074.142
1552.744 1052.106
1560.525 1036.552
1574.791 1008.035
1583.868 989.8884
1591.649 973.0378
1611.102 935.4479
1626.664 905.6353
1638.335 881.0075
1648.71 858.972
1655.194 838.2327
1661.678 813.6048
1670.756 791.5695
1678.537 770.8303
1685.022 756.572
1688.912 744.9061
1691.506 735.8328
1694.099 726.7593
1695.396 721.5745
1696.693 716.3898
1697.99 715.0935
1395.827 842.1213
1402.311 844.7137
1410.093 846.0099
1426.951 847.3062
1454.185 849.8986
1520.323 848.6024
1550.151 848.6024
1585.165 849.8986
1604.618 849.8986
1618.883 849.8986
1630.554 849.8986
1640.929 849.8986
1646.117 849.8986
1655.194 849.8986
1661.678 849.8986
1664.272 849.8986
1665.569 849.8986
1666.866 849.8986
1666.866 851.1948
1906.78 831.7518
1906.78 833.048
1909.374 839.529
1904.187 853.7873
1896.406 857.6758
1883.437 857.6758
1873.063 852.491
1861.391 842.1213
1851.016 829.1594
1841.939 818.7897
1835.454 807.1238
1825.08 777.3112
1826.377 743.61
1838.048 726.7593
1851.016 721.5745
1862.688 722.8708
1871.766 728.0555
1882.141 738.4251
1888.625 747.4985
1895.109 757.8682
1901.593 768.2378
1906.78 781.1999
1910.671 792.8655
1911.968 805.8276
1913.265 817.4935
1913.265 825.2707
1914.561 834.3441
1915.858 840.8252
1917.155 848.6024
1918.452 851.1948
1918.452 846.0099
1914.561 827.8631
1909.374 811.0125
1908.077 794.1619
1905.484 776.015
1904.187 757.8682
1902.89 738.4251
1905.484 726.7593
1909.374 722.8708
1914.561 722.8708
1919.749 724.1668
1923.639 728.0555
1927.53 731.9442
1931.42 738.4251
1935.311 743.61
1936.608 747.4985
1937.904 747.4985
1939.201 750.091
1941.795 751.3872
1534.589 1102.658
1530.698 1094.881
1517.73 1059.883
1489.199 984.7036
1468.45 938.0403
1459.372 909.5239
1445.107 886.1922
1434.732 864.1569
1420.467 833.048
1411.389 807.1238
1399.718 787.6808
1380.265 757.8682
1372.484 739.7214
1359.516 711.2049
1356.922 706.0202
1355.625 703.4277
1354.328 702.1315
1511.245 1106.547
1521.62 1094.881
1529.401 1076.734
1541.073 1053.402
1574.791 995.0732
1590.353 963.9644
1595.54 957.4834
1603.321 945.8176
1613.696 927.6707
1622.773 901.7468
1631.851 871.9339
1642.226 853.7873
1650.007 836.9365
1659.085 821.3821
1666.866 801.9391
1673.35 782.4961
1679.834 765.6453
1683.725 748.7947
1688.912 734.5364
1691.506 725.4631
1694.099 718.9821
1694.099 715.0935
1694.099 712.5012
1397.124 848.6024
1394.53 848.6024
1407.499 846.0099
1442.513 842.1213
1473.637 848.6024
1493.09 848.6024
1569.603 851.1948
1622.773 856.3796
1640.929 856.3796
1647.413 857.6758
1651.304 857.6758
1655.194 857.6758
1656.491 857.6758
1659.085 857.6758
1660.382 856.3796
1896.406 836.9365
1896.406 849.8986
1887.328 855.0833
1874.359 852.491
1854.907 833.048
1848.423 827.8631
1840.642 816.1973
1834.157 804.5315
1830.267 788.9771
1828.97 772.1265
1830.267 761.7568
1832.861 748.7947
1838.048 738.4251
1844.532 733.2404
1854.907 731.9442
1862.688 733.2404
1867.875 735.8328
1873.063 742.3138
1876.953 750.091
1883.437 760.4606
1888.625 776.015
1892.515 790.2733
1896.406 801.9391
1898.999 811.0125
1901.593 820.0859
1904.187 829.1594
1906.78 838.2327
1908.077 843.4177
1908.077 846.0099
1908.077 825.2707
1908.077 814.9011
1906.78 796.7542
1905.484 777.3112
1904.187 761.7568
1902.89 750.091
1902.89 737.1289
1902.89 726.7593
1905.484 722.8708
1910.671 720.2783
1917.155 724.1668
1919.749 728.0555
1924.936 734.5364
1926.233 737.1289
1927.53 738.4251
1927.53 739.7214
1928.827 741.0176
1928.827 742.3138
