0.2024832
0.2432166
0.2117841
0.3727333
0.4514036
0.68871
0.9263733
1.062157
0.9378951
0.8085811
0.8245275
0.8223209
0.8303357
0.8054553
0.7738678
0.7516335
0.7504781
0.2884809
0.4843324
0.6113878
0.681434
0.8509457
1.158881
1.246433
1.306401
1.269673
1.210014
1.188203
1.174702
1.154936
0.814
1.168683
1.369005
1.373785
1.193964
0.9844355
1.118201
1.068705
1.035381
1.005249
0.9798241
0.9936844
0.9822494
0.6208368
0.7050814
0.8225242
0.9272664
0.9949075
0.9975311
0.4481749
0.4768508
0.7738593
1.148947
1.191276
1.197461
1.148949
1.11266
1.13788
1.085942
1.019987
0.9879391
1.048088
0.6421202
0.4973827
0.5672315
0.5239646
0.5072051
0.4175638
0.3876029
0.3666781
0.4363911
0.4674312
0.1890177
0.2847673
0.6446661
0.6483715
0.6068869
0.5356854
0.5163948
0.4430341
0.3989905
0.3625955
0.7152646
0.3118072
0.490274
0.4689681
0.4757464
0.503479
0.5047269
0.5290736
0.5339825
0.5480499
0.5619192
0.3252565
0.465322
0.5871634
0.6961404
0.8836128
0.8466503
0.8141509
0.8242462
0.8349416
0.8585517
0.8466606
0.8823827
0.8800451
0.8617247
0.885483
0.1101083
0.4545124
0.7486976
1.071833
1.490665
1.779588
1.61262
1.550254
1.508355
1.006135
0.2709095
0.313532
0.4855526
0.6031386
0.8195451
0.8339129
0.8136098
0.8046248
0.7987111
0.78114
0.7775247
0.9788803
0.5052916
0.8891904
1.120561
1.144902
1.1083
1.106649
1.138646
1.185638
1.21432
1.141576
1.173072
1.237519
1.318046
1.179497
1.131626
1.187104
1.25047
1.287638
1.359342
1.320542
1.324767
0.6301333
0.8223916
1.030909
1.143721
1.297472
1.379592
1.490318
1.579253
1.607804
1.719461
1.684479
1.730553
1.682677
1.685175
1.658018
1.645378
1.634691
1.682591
1.812166
1.801043
1.807389
1.840109
0.3900228
0.9502512
1.060973
1.404804
1.35943
1.461401
1.456485
1.334931
1.328987
1.30435
1.209074
1.237786
1.275751
1.27972
1.179823
1.060977
1.036328
1.047402
1.067132
0.8413549
0.7557083
0.9761429
1.348294
1.400961
1.324368
1.525725
1.567336
1.635032
1.636103
1.42843
1.376828
1.389725
1.389865
1.3942
1.413091
1.412241
0.8659116
1.105705
1.235495
1.200367
1.138237
1.158741
1.135178
1.135678
1.130901
1.129846
1.120338
1.143667
1.16692
0.3512205
0.6609948
1.018938
1.080554
1.127485
1.344233
1.401407
1.521779
1.587236
1.740883
1.83323
1.900673
1.911886
1.950828
1.948273
1.917598
2.081508
2.172503
2.348802
2.432195
2.271019
2.253862
0.471675
0.9796026
1.072115
1.183515
1.485136
1.611546
1.68288
1.668175
1.62086
1.669441
1.567994
1.53316
1.525038
1.493153
1.495344
1.458496
1.537413
1.502702
0.2273242
1.724632
1.743907
1.640487
1.594329
1.383406
1.301613
1.445583
1.441742
1.383882
1.251902
1.223337
1.216818
1.160095
1.176337
1.121337
1.085541
1.071585
1.061709
1.12092
1.146876
1.174148
0.6810969
0.9574749
1.304267
1.464117
1.717251
1.758934
1.847079
1.848298
1.884226
1.918916
1.919816
1.922463
1.982493
1.956108
0.351996
0.5349425
0.8548834
1.135956
1.233703
1.270963
1.722478
1.536204
1.213358
1.133126
1.059697
1.04507
0.7521216
0.07906939
0.003605143
0.07483457
0.823577
0.9928903
1.144447
1.154594
1.136462
1.077187
0.9699089
0.6234916
1.276908
2.819308
2.863133
2.64002
2.596264
2.533738
0.1300327
0.2427555
0.3557756
0.3379274
0.2198476
0.08403257
0.09785906
0.2030196
0.513198
0.6529886
0.7511767
0.8493857
0.7245628
0.6736046
0.609929
0.6084455
0.5321149
0.2294548
0.3739134
0.3418432
0.3200658
0.2286284
0.2573088
0.1567624
0.2406343
0.1137475
0.2063952
0.3338024
0.3187143
0.308372
0.1999775
0.1555523
0.1761629
0.1595875
0.3650964
0.3849485
0.2520749
0.3772129
0.3435045
0.1536856
0.3771338
0.4663574
0.2751671
0.3406279
0.2546147
0.3171148
0.2493284
0.1387797
0.210554
0.1852796
0.2183973
0.2128082
0.2264665
0.139783
0.1551834
0.1758333
0.3901995
0.6310145
0.7110168
0.6640537
0.810261
0.7952386
0.7897653
0.7129225
0.7747752
0.8180761
0.8781834
0.849268
1.018608
1.02155
1.018733
1.020665
1.004906
0.8799809
0.9115841
0.855794
0.6772711
0.736698
0.7175429
0.7376588
0.7641146
0.8175524
0.8072
0.8219559
0.8206705
0.8157685
0.8913035
1.034613
1.006863
1.021876
1.157666
1.247635
1.39389
1.590278
1.603744
1.506532
1.28917
1.222623
1.187642
1.084795
1.023972
1.065921
1.107
1.169386
1.299385
1.274977
1.274936
1.259712
1.253939
1.270329
1.249307
1.258136
1.250712
1.218573
1.254405
1.248233
1.192718
1.168255
1.220351
1.377153
1.384743
1.416596
1.467404
1.410621
1.411392
1.531829
1.575928
1.652762
1.639107
1.650399
1.595389
1.545391
1.491533
1.386987
1.377694
1.358739
1.32866
1.355126
1.200216
1.186594
1.193866
1.164824
0.3341666
0.2525284
0.3188609
0.4277723
0.6299127
0.7166711
0.7065498
0.764261
0.5738167
0.3404217
0.1765999
0.2731795
0.7522474
1.056051
0.927868
0.694178
0.4752859
0.3560258
0.8795737
0.4309728
0.2913575
1.013158
1.433505
1.406408
1.270776
1.309246
0.40765
0.134827
0.657553
1.700817
2.039704
2.299444
2.365672
2.354862
2.349793
2.39317
2.425276
2.442279
2.447739
2.317436
1.623947
0.9331312
1.098058
1.430605
1.757375
2.071775
2.195653
2.049291
1.952871
1.692299
1.165171
0.6420935
0.5394529
1.108555
1.663145
1.991277
2.075641
2.05524
1.90347
1.850071
1.850288
0.2215875
0.2430055
0.5259688
0.5144254
0.7260424
0.7013303
0.7249281
0.7893007
0.9394416
0.9184662
0.9130939
0.5169718
0.7833459
0.8131054
0.7587441
0.7535084
0.79885
0.7315235
0.7515139
0.9695375
0.9094026
1.201691
1.546914
1.40971
1.318359
0.447971
0.3884614
0.3861991
0.5237796
0.6470283
0.7871704
0.7928934
0.8150181
0.8459783
0.8189194
0.7012582
0.7176906
0.756588
0.8028801
0.8204746
0.8835463
0.8890412
1.005099
1.006196
1.010621
0.8755564
0.8454317
0.8267897
0.8263844
0.8287184
0.8128137
0.800438
0.7995651
0.5608167
0.9248193
1.126758
1.289967
1.474706
1.479906
1.542942
1.468045
1.342483
1.334286
1.352454
1.474104
1.492491
1.556357
1.513281
1.552223
1.614989
1.697512
0.2781006
0.4810309
0.6964071
1.083395
1.498988
1.855289
1.812097
1.805146
1.764391
1.748527
1.772638
1.809427
1.796663
1.716431
1.726795
0.3094732
0.8506843
1.097098
1.790347
1.792225
1.824936
1.762111
1.749612
1.723728
1.589159
1.533147
1.510502
1.49839
1.42473
1.335346
1.307639
1.229757
1.236277
1.206083
1.179568
1.175083
1.17911
0.5577211
1.073908
1.328
1.647362
1.864943
1.955696
1.989717
2.129369
2.063202
1.962745
1.947453
1.942645
1.908201
1.482636
1.546879
1.458414
1.468516
1.480141
1.409577
1.407673
0.3719583
0.4575068
0.4720024
0.3133657
0.1159252
0.4519916
0.2099594
0.3356644
0.4785459
0.5516974
0.5885566
0.5591244
0.6321378
0.6606893
0.6503931
0.6699144
0.7163442
0.7407169
0.7534754
0.6361389
0.1799086
0.4516612
0.5991033
0.6759524
0.6761318
0.674975
0.634401
0.6607085
0.6741083
0.6722256
0.6820803
0.6989371
0.6465879
0.5789298
0.598503
0.6280479
0.6503003
0.6519024
0.6343644
0.6728731
0.7324014
0.7506956
0.7734989
0.8176145
0.8461023
0.3948559
0.4231171
0.5355712
0.7201765
0.9196641
1.145579
1.334913
1.218095
1.204772
1.194566
1.200465
1.214549
1.151636
1.195171
1.1756
1.143964
1.174199
1.116109
1.139319
1.158473
1.1374
1.097549
0.6515673
0.3895667
0.5248151
0.7335984
0.8486178
0.9436954
1.203003
1.260393
1.260019
1.416877
1.67237
1.711035
1.70146
1.679338
1.696459
1.691867
1.658526
1.691618
1.675906
1.636525
1.63635
0.5248917
1.087514
1.3858
1.531134
1.632845
1.63966
1.765638
1.802887
1.806589
1.873226
1.900913
1.95847
2.038251
2.074695
2.068018
2.049259
2.142334
2.108236
1.953791
1.881233
1.941452
1.908915
1.877217
1.90099
0.20533
0.4197931
0.7769958
1.091564
1.207687
1.282137
1.349966
1.374367
1.39772
1.399566
1.415587
1.334682
1.370415
1.366668
1.31048
1.301277
1.279646
1.268175
0.9134
2.722558
2.719872
2.558353
2.497187
2.451188
2.462361
2.445739
2.333896
2.311696
2.342006
2.278273
0.4269856
1.159142
1.786672
2.139776
2.542225
2.594305
2.617039
2.695339
2.784573
2.809044
2.843938
2.744453
2.769783
2.722812
2.715633
2.719933
2.697241
2.687954
2.652108
2.611195
2.618826
1.776409
1.148358
2.406742
2.688166
2.771291
2.793198
2.75405
2.746548
2.757684
2.732404
1.45386
0.9498333
2.233918
2.409641
2.474944
2.332983
2.40066
2.499321
2.748561
2.786976
2.705463
2.742161
2.677081
2.681212
2.684322
2.674743
2.629711
2.583565
2.573768
2.59527
2.595276
2.559001
2.537416
0.9803917
1.425879
1.941117
2.596592
2.945226
3.186872
3.143369
3.076099
3.082587
3.02754
3.005892
2.958041
2.901941
2.86833
2.958361
2.841416
2.863133
2.92715
1.275452
0.1855166
0.6851083
1.200816
1.743482
1.851229
1.915226
1.88914
1.939904
1.954118
1.994437
1.986123
1.966924
2.085148
1.995556
1.98887
1.935899
1.846496
1.742589
1.672337
1.689707
1.663213
1.743582
1.71333
1.601166
1.641847
1.680334
1.650548
1.593925
1.598275
1.511966
1.656197
1.819736
1.853179
1.827895
1.866856
1.912599
1.922819
1.870773
1.88575
1.860745
1.858758
1.885368
1.877959
1.790021
1.812787
1.675259
1.633693
1.596464
1.582495
0.7628666
1.353958
1.868952
2.182177
2.062664
1.989425
2.036872
1.951313
2.041082
1.983575
1.931805
1.906563
1.82204
1.849209
1.793857
2.534957
2.267776
1.272508
2.111892
2.771385
3.160558
3.408284
2.994497
2.634521
2.586817
2.558976
2.667054
2.629235
2.772211
2.749861
2.583052
2.320187
2.419585
2.151354
2.132231
2.137868
2.081176
2.022661
2.113386
2.24743
0.6017501
1.294422
2.561042
3.014941
2.876134
2.74787
2.307857
2.121054
2.069819
1.970053
1.940022
1.99615
1.952489
2.041386
2.085571
0.6917511
1.253393
1.290496
1.479748
1.358617
1.254842
1.374587
1.468401
1.517033
1.595072
1.612206
1.594184
1.55803
1.477879
1.434658
1.479545
1.408687
1.402273
1.441841
1.474924
1.454924
1.450969
1.349785
1.270761
1.106377
1.234908
1.198004
1.259221
1.16775
1.33891
1.456333
1.444061
1.421439
1.419229
1.419121
1.464158
1.480809
1.459821
1.537767
1.613544
1.608078
1.731262
1.740263
1.738645
1.691833
1.647528
1.591197
