1427 780
-9 -8.000061
-10 -18
-14 -30
-24 -51
-38 -78
-59 -117
-70 -138
-79 -160
-87 -177
-95 -196
-102 -211
-111 -232
-117 -246
-121 -254
-124 -260
-127 -264
-127 -267
-127 -267
1438 795
9 -21
15 -38
23 -60
32 -82
41 -108
48 -130
58 -155
67 -178
74 -201
80 -222
85 -241
91 -258
96 -272
101 -284
104 -294
105 -299
106 -301
106 -301
1366 627
7 -6
17 -6
37 -7
56 -9
73 -10
87 -13
100 -14
110 -14
119 -14
125 -14
131 -14
136 -14
139 -14
139 -14
1739 597
0 17
-1 21
-5 26
-12 27
-21 27
-27 24
-30 18
-35 9
-42 -4
-50 -18
-60 -36
-66 -53
-68 -65
-68 -71
-68 -74
-65 -75
-62 -75
-59 -75
-56 -75
-52 -75
-48 -71
-37 -55
-25 -35
-15 -18
-6 -4
-3 4
-1 9
1 13
1 16
2 17
3 19
3 19
3 16
2 9
1 2
1 -5
-1 -13
-5 -20
-7 -30
-11 -40
-13 -50
-16 -59
-17 -67
-18 -73
-18 -79
-18 -83
-17 -85.99997
-16 -87
-12 -87
-9 -87
-5 -87
0 -82
6 -75
15 -66
28 -51
47 -35
52 -30
52 -30
52 -30
114 813.9999
2301.123 357.3334
1919.604 465.3334
1954.287 1525.333
-14.67383 -34.66675
-48.02344 -153.3334
-89.37695 -306.6666
-102.7168 -362.6666
-105.3848 -370.6666
-109.3867 -381.3334
-109.3867 -389.3334
-110.7207 -394.6666
-112.0547 -398.6666
-116.0566 -405.3334
-116.0566 -410.6666
-116.0566 -410.6666
2026.322 669.3334
12.00586 -18.66675
26.67969 -86.66675
32.01563 -176
-5.335938 -238.6667
-154.7422 -270.6667
-196.0957 -286.6667
-217.4395 -290.6667
-226.7773 -293.3334
-228.1113 -294.6667
-232.1133 -294.6667
-233.4473 -294.6667
-233.4473 -294.6667
-234.7813 -294.6667
-237.4492 -296
781.7148 586.6666
76.03711 70.66675
229.4453 185.3334
489.5723 342.6667
1563.43 1037.333
86.70898 13.3335
154.7422 21.3335
225.4434 25.3335
1475.387 1528
-29.34766 -60
-84.04102 -186.6667
-137.4004 -301.3333
-152.0742 -334.6667
-153.4082 -340
-154.7422 -342.6667
-154.7422 -346.6667
-156.0762 -348
-157.4102 -357.3333
891.1016 717.3333
52.02539 21.33337
157.4102 66.66669
176.0859 69.33337
186.7578 70.66669
194.7617 72
1978.299 1532
-49.35742 -80
-84.04102 -209.3333
-84.04102 -305.3333
-82.70703 -321.3333
-82.70703 -332
-81.37305 -346.6667
-81.37305 -352
-80.03906 -352
-80.03906 -354.6667
-80.03906 -356
-74.70313 -358.6667
2227.754 621.3334
-42.6875 -18.66675
-272.1328 -64
-382.8535 -92
-441.5488 -125.3334
-486.9043 -158.6667
-493.5742 -166.6667
-496.2422 -168
2318.465 305.3334
2015.65 1588
-25.3457 -29.33337
-46.68945 -70.66663
-66.69922 -116
-98.71484 -232
-101.3828 -290.6667
-112.0547 -370.6667
-112.0547 -421.3333
-112.0547 -428
-112.0547 -430.6667
-112.0547 -433.3333
-112.0547 -433.3333
-112.0547 -433.3333
-112.0547 -433.3333
-112.0547 -433.3333
1499.398 1026.667
-28.01367 -26.66675
-70.70117 -69.33344
-101.3828 -106.6667
-168.082 -201.3334
-192.0938 -242.6667
-218.7734 -284.0001
-230.7793 -300.0001
-232.1133 -305.3334
-232.1133 -306.6667
-232.1133 -306.6667
-232.1133 -308.0001
-232.1133 -308.0001
-232.1133 -309.3334
-232.1133 -309.3334
-232.1133 -312.0001
-232.1133 -314.6667
