0 0
-366.7676 -148.5403
-366.7676 -150.5
-368.5962 -154.4193
-370.4248 -158.9264
-372.5146 -162.6497
-374.3433 -166.569
-376.1719 -170.2923
-377.478 -173.2318
-378.5229 -176.1712
-379.3066 -179.3066
-379.8291 -181.8542
-381.1353 -184.7936
-382.4414 -187.7331
-384.27 -190.8685
-386.0986 -194.1998
-387.9272 -198.1191
-389.2334 -201.6465
-391.062 -205.1738
-392.6294 -209.681
-394.9805 -214.5801
-396.8091 -219.6751
-398.6377 -222.8105
-399.9438 -225.1621
-400.7275 -227.1217
-400.9888 -228.6894
-401.25 -229.0814
-401.25 -229.2773
-401.25 -229.2773
0 0
-369.3799 -152.8516
-368.0737 -157.5547
-365.2002 -163.0417
-362.8491 -168.5287
-359.7144 -174.4076
-356.3184 -179.8945
-352.9224 -185.5775
-350.3101 -191.6523
-347.959 -196.3555
-346.1304 -200.6667
-344.8242 -204.9779
-342.7344 -209.485
-340.9058 -214.1882
-339.3384 -218.3034
-338.5547 -222.2227
-337.2485 -224.9661
-336.2036 -226.9258
-335.6812 -228.8854
-335.1587 -230.845
-334.8975 -232.6087
-334.8975 -233.7845
-334.1138 -234.1764
-333.8525 -234.1764
0 0
-340.9058 -91.31902
-334.6362 -91.31902
-327.3218 -90.92708
-319.7461 -90.33919
-312.1704 -89.7513
-307.4683 -89.7513
-304.3335 -89.7513
-300.6763 -89.7513
-296.7578 -89.55534
-294.668 -89.55534
-291.7944 -89.35938
0 0
-363.894 -148.7363
-365.4614 -153.8314
-369.3799 -161.082
-372.5146 -166.569
-374.3433 -171.4681
-376.4331 -176.3672
-377.7393 -180.2865
-378.2617 -184.2057
-379.3066 -188.7129
-380.874 -192.2402
-382.1802 -196.5514
-384.0088 -200.4707
-386.0986 -204.7819
-387.9272 -209.681
-389.2334 -213.7962
-390.8008 -217.7155
-392.8906 -221.4388
-393.9355 -224.3783
-394.7192 -226.9258
-395.5029 -228.8854
-395.7642 -229.2773
-396.0254 -229.6693
-396.2866 -229.8652
0 0
-369.1187 -149.9121
-368.5962 -153.0475
-366.2451 -158.5345
-363.6328 -164.2174
-361.2817 -170.2923
-358.4082 -176.1712
-355.0122 -182.442
-352.3999 -188.7129
-349.7876 -194.3958
-347.4365 -200.8626
-345.0854 -206.9375
-343.5181 -212.4245
-342.4731 -216.9316
-340.9058 -221.2428
-339.8608 -224.1823
-339.0771 -226.9258
-338.2935 -229.4733
-337.2485 -231.6289
-336.7261 -233.0006
-336.2036 -233.7845
-335.9424 -234.5683
-335.9424 -234.5683
-335.9424 -234.5683
0 0
-336.9873 -93.47461
-330.1953 -93.47461
-320.5298 -93.27864
-311.6479 -92.69075
-304.0723 -92.69075
-298.3252 -92.69075
-292.8394 -92.69075
-287.0923 -92.69075
-281.084 -92.69075
-276.9043 -92.69075
-275.5981 -92.69075
-275.5981 -92.69075
