1103 752
1094 768
1088 768
1082 770.0001
1077 773.0001
1072 774
1068 774.9999
1066 774.9999
1064 774.9999
1062 774.9999
1058 774.9999
1055 774.9999
1052 774.9999
1043 774.9999
1038 776.0001
1026 777.9999
1019 777.9999
1013 777.9999
998 777.9999
982 777.9999
975 777.9999
959 777.9999
950 777.9999
943 777.9999
928 774.9999
921 773.0001
906 771
898 768.9999
884 765
877 763
869 760
856 754
848 751
837 746
830 744
816 736
809 731
802 727
792 720
789 716
780 706
775 702
771 698
762 690
760 686
751 675
748 669
741 656
739 652
736 648
732 638
732 635
730 621
729 612
729 592
729 579
730 562
733 554
742 538
747 528
751 520
761 506
765 500
775 491
779 486
788 477
792 475
802 468
807 465
819 459
824 456
832 452
845 447
852 446
863 443
867 443
875 439
879 438
884 438
897 435
904 434
917 433
923 432
934 431
941 430
954 430
959 430
963 430
971 433
977 434
990 441
995 443
1005 447
1010 448
1021 452
1027 455
1039 461
1048 467
1062 475
1067 478
1075 485
1078 487
1085 493
1088 496
1091 499
1096 504
1099 506
1103 509
1106 511
1112 516
1113 518
1115 518
1116 518
1119 518
1121 518
1123 518
1127 520
