454 960.9999
-5 -4.999878
-5 -4.999878
-11 -13.99988
-11 -13.99988
-19 -28.99988
-19 -28.99988
-26 -42
-26 -42
-33 -51
-33 -51
-36 -57
-36 -57
-38 -63
-38 -63
-41 -67.99988
-41 -67.99988
-43 -72.99994
-43 -72.99994
-45 -76.99988
-45 -76.99988
-47 -79.99988
-47 -79.99988
-48 -81
-48 -81
-49 -81
-49 -81
454 960.9999
-5 -4.999878
-5 -4.999878
-11 -13.99988
-11 -13.99988
-19 -28.99988
-19 -28.99988
-26 -42
-26 -42
-33 -51
-33 -51
-36 -57
-36 -57
-38 -63
-38 -63
-41 -67.99988
-41 -67.99988
-43 -72.99994
-43 -72.99994
-45 -76.99988
-45 -76.99988
-47 -79.99988
-47 -79.99988
-48 -81
-48 -81
-49 -81
-49 -81
460 963.9999
4 -12
4 -12
7 -24
7 -24
9 -39.99994
9 -39.99994
12 -54.99994
12 -54.99994
13 -63.99994
13 -63.99994
14 -69.99994
14 -69.99994
14 -78
14 -78
16 -84
16 -84
17 -88.99988
17 -88.99988
17 -88.99988
17 -88.99988
418 915
13 -2.000061
13 -2.000061
24 -2.000061
24 -2.000061
32 -2.000061
32 -2.000061
39 -2.000061
39 -2.000061
43 -2.000061
43 -2.000061
46 -2.000061
46 -2.000061
52 -2.000061
52 -2.000061
687 918
-10 11.00006
-10 11.00006
-13 11.00006
-13 11.00006
-18 11.00006
-18 11.00006
-24 11.00006
-24 11.00006
-29 9.999939
-29 9.999939
-33 6
-33 6
-37 2.000061
-37 2.000061
-41 -3.999939
-41 -3.999939
-44 -12
-44 -12
-49 -21.99994
-49 -21.99994
-53 -30
-53 -30
-53 -36.99994
-53 -36.99994
-53 -42.99994
-53 -42.99994
-53 -47.00006
-53 -47.00006
-53 -48.99994
-53 -48.99994
-52 -51.99994
-52 -51.99994
-49 -51.99994
-49 -51.99994
-46 -53.00006
-46 -53.00006
-43 -53.00006
-43 -53.00006
-39 -53.00006
-39 -53.00006
-36 -53.00006
-31 -53.00006
-31 -53.00006
-23 -48.99994
-17 -41.00006
-17 -41.00006
-13 -33
-13 -33
-10 -27
-10 -27
-9 -23.00006
-9 -23.00006
-9 -18.99994
-9 -18.99994
-8 -15.99994
-8 -15.99994
-8 -12.99994
-8 -12.99994
-8 -9.999939
-8 -9.999939
-8 -9
-8 -9
-8 -8.000061
-8 -8.000061
-8 -8.000061
-8 -8.000061
-8 -8.000061
-8 -8.000061
-8 -8.000061
-8 -8.000061
-8 -8.000061
-8 -8.000061
-7 -12
-7 -12
-4 -18
-4 -18
-3 -24.99994
-3 -24.99994
-2 -29.00006
-2 -29.00006
0 -33
0 -33
1 -36
1 -36
4 -41.00006
4 -41.00006
6 -44.00006
6 -44.00006
9 -45.99994
9 -48
9 -48
10 -48
10 -48
918 957
-6 -15.99994
-6 -15.99994
-14 -33
-14 -33
-21 -48
-21 -48
-27 -60
-27 -60
-31 -68.00006
-31 -68.00006
-35 -74.00006
-35 -74.00006
-36 -77.00006
-36 -77.00006
-36 -77.00006
-36 -77.00006
-36 -77.00006
922 960
4 -6.999939
4 -6.999939
4 -15.99994
4 -15.99994
7 -24.99994
7 -24.99994
9 -33
9 -33
13 -45.99994
13 -45.99994
16 -60
16 -60
18 -69
18 -69
18 -72.99994
18 -72.99994
18 -77.00006
19 -81.99994
20 -84.99994
20 -84.99994
901 909.9999
12 -4.999878
12 -4.999878
21 -4.999878
21 -4.999878
27 -4.999878
27 -4.999878
33 -4.999878
33 -4.999878
35 -4.999878
35 -4.999878
1134 917.0001
-9 12
-11 12
-15 12
-18 12
-21 12
-26 12
-29 6.999939
-36 0.999939
-45 -7.000122
-50 -14.00006
-53 -22.00012
-54 -28.00012
-55 -34.00012
-56 -39
-56 -39
-56 -44.00006
-56 -44.00006
-54 -48
-54 -48
-52 -50.00006
-52 -50.00006
-49 -51
-48 -51
-48 -51
-42 -51
-42 -51
-37 -51
-37 -51
-30 -49.00012
-30 -49.00012
-24 -43.00012
-24 -43.00012
-21 -39
-21 -39
-18 -33
-18 -33
-13 -25.00012
-13 -25.00012
-9 -17.00006
-9 -17.00006
-9 -11.00006
-9 -11.00006
-9 -5.000061
-9 -5.000061
-8 0
-8 0
-8 3
-8 3
-8 6
-8 6
-8 6
-8 6
-8 6
-8 6
-8 6
-8 6
-8 4.999878
-8 4.999878
-7 0
-7 0
-6 -9
-6 -9
-4 -17.00006
-4 -17.00006
-2 -22.00012
-2 -22.00012
-2 -27
-2 -27
-1 -30
-1 -30
0 -32.00006
0 -32.00006
1 -36
1 -36
1 -38.00006
1 -38.00006
3 -41.00006
3 -41.00006
5 -42
5 -42
5 -43.00012
5 -43.00012
6 -43.00012
6 -43.00012
6 -43.00012
6 -43.00012
1372 957.9999
-7 -9
-7 -9
-11 -18.99994
-11 -18.99994
-21 -34.99988
-21 -34.99988
-32 -49.99988
-32 -49.99988
-37 -60.99994
-37 -60.99994
-40 -64.99988
-40 -64.99988
-42 -67.99988
-42 -67.99988
-42 -72
-42 -72
-44 -73.99988
-44 -73.99988
-45 -75.99994
-45 -75.99994
-45 -78
-45 -78
-45 -81
-45 -81
1380 957.9999
2 -7.999878
2 -7.999878
2 -15
2 -15
4 -24.99994
4 -24.99994
8 -36
8 -36
12 -48
12 -48
13 -57.99994
13 -57.99994
15 -67.99988
15 -67.99988
17 -75.99994
17 -75.99994
19 -81.99994
19 -81.99994
19 -84.99994
19 -84.99994
19 -87.99994
19 -87.99994
19 -91.99988
19 -91.99988
19 -91.99988
19 -91.99988
1341 903.9999
12 2.000061
12 2.000061
26 2.000061
26 2.000061
38 5.000061
38 5.000061
44 5.000061
44 5.000061
48 5.000061
48 5.000061
51 5.000061
51 5.000061
52 5.000061
52 5.000061
52 5.000061
52 5.000061
1620 912.9999
-13 14.00006
-13 14.00006
-19 17.00006
-19 17.00006
-27 20.00006
-27 20.00006
-32 20.00006
-32 20.00006
-37 20.00006
-37 20.00006
-43 18
-43 18
-52 11.00006
-52 11.00006
-60 4.000122
-60 4.000122
-67 -3.999939
-67 -3.999939
-70 -10.99988
-70 -10.99988
-71 -15.99994
-71 -15.99994
-72 -21
-72 -21
-72 -25.99988
-72 -25.99988
-72 -30
-72 -30
-72 -33.99994
-72 -37.99988
-70 -39.99994
-68 -42.99994
-66 -42.99994
-64 -45
-61 -45.99994
-57 -45.99994
-51 -45.99994
-45 -45.99994
-39 -45.99994
-34 -42.99994
-31 -39.99994
-28 -37.99988
-24 -33
-21 -27.99994
-21 -27.99994
-18 -21
-18 -21
-13 -10.99988
-13 -10.99988
-8 -3.999939
-8 -3.999939
-6 1.000122
-6 1.000122
-6 4.000122
-6 4.000122
-5 7.000122
-5 7.000122
-4 9
-4 9
-4 9
-4 9
-4 9
-4 9
-4 9
-4 9
-4 9
-4 9
-4 7.000122
-4 7.000122
-4 3
-4 3
-4 -1.999878
-4 -1.999878
-4 -9
-4 -9
-4 -15.99994
-4 -15.99994
-4 -22.99988
-4 -22.99988
-4 -28.99988
-4 -28.99988
-4 -33
-4 -33
-3 -37.99988
-3 -37.99988
-2 -39
-2 -39
-1 -39.99994
-1 -39.99994
1 -39.99994
1 -39.99994
1 -40.99988
1 -40.99988
562 806.0001
-2 -10.00012
-2 -10.00012
-5 -20.00006
-5 -20.00006
-15 -38.00006
-15 -38.00006
-24 -59.00006
-24 -59.00006
-33 -77.00006
-33 -77.00006
-39 -89.00006
-39 -89.00006
-40 -96.00006
-40 -96.00006
-42 -101.0001
-45 -106.0001
-45 -106.0001
-46 -110.0001
-46 -110.0001
-47 -111.0001
-47 -111.0001
-48 -111.0001
-48 -111.0001
571 807
2 -6
2 -6
2 -12.99994
2 -12.99994
2 -21
2 -21
5 -35.00006
5 -35.00006
9 -49
9 -49
12 -64
12 -64
15 -78
16 -89
17 -96
18 -102
19 -107
20 -111
20 -112
539 740
8 1
19 1
19 1
31 1
31 1
37 3
37 3
40 3
40 3
41 3
41 3
612 744
6 -15
6 -15
6 -29
6 -29
6 -39
4 -41
4 -41
4 -41
4 -41
4 -41
4 -34
9 -21
18 -10
24 -4
27 0
31 3
36 5
39 7
42 7
46 7
46 7
47 7
47 7
48 7
48 7
50 2
50 2
51 -3
51 -3
51 -10
51 -10
51 -18
51 -18
51 -21
51 -21
51 -24
51 -24
51 -29
51 -29
51 -32
51 -32
51 -36
51 -36
51 -38
51 -38
51 -40
51 -40
51 -41
51 -41
51 -42
51 -42
51 -44
51 -44
51 -44
51 -44
691 753
7 -1
7 -1
17 -1
17 -1
28 -1
28 -1
36 -1
36 -1
41 0
41 0
44 0
44 0
710 788.0001
-4 -20.00006
-8 -35.00006
-11 -46.00006
-11 -46.00006
-12 -53.00006
-12 -53.00006
-13 -59.00006
-13 -59.00006
-14 -64.00006
-14 -64.00006
-14 -68.00006
-14 -68.00006
-14 -73.00006
-14 -73.00006
-14 -78.00006
-14 -78.00006
-14 -83.00006
-14 -83.00006
-14 -87.00006
-14 -87.00006
-12 -89.00006
-12 -89.00006
-10 -91.00006
-10 -91.00006
-8 -92.00006
-8 -92.00006
-6 -93.00006
-6 -93.00006
-3 -93.00006
3 -93.00006
3 -93.00006
3 -93.00006
11 -93.00006
11 -93.00006
16 -93.00006
19 -92.00006
19 -92.00006
19 -92.00006
19 -89.00006
21 -87.00006
21 -87.00006
21 -87.00006
21 -87.00006
22 -87.00006
22 -87.00006
1238 786.9999
-5 -13.99988
-5 -13.99988
-14 -31.99994
-14 -31.99994
-24 -48.99994
-24 -48.99994
-24 -48.99994
-33 -63.99994
-39 -72.99994
-39 -72.99994
-40 -78.99994
-40 -78.99994
-42 -81.99994
-42 -81.99994
-43 -84.99994
-43 -84.99994
-44 -85.99994
-44 -85.99994
-44 -86.99994
-44 -86.99994
1247 794.0001
2 -12
2 -12
5 -26.00006
5 -26.00006
8 -37.00006
8 -37.00006
10 -46.00006
10 -46.00006
12 -54.00006
13 -63.00006
13 -63.00006
13 -73.00006
13 -73.00006
14 -81.00006
14 -81.00006
14 -92.00006
14 -92.00006
14 -97.00006
14 -97.00006
14 -98.00006
14 -98.00006
14 -98.00006
14 -98.00006
1215 742
11 -3
17 -3
23 -3
28 -3
32 -3
37 -3
40 -3
1292 746
0 -9
0 -9
0 -21
0 -21
-1 -32
-1 -32
-4 -41
-4 -41
-6 -44
-6 -44
-6 -45
-6 -45
-6 -45
-6 -45
-6 -45
-6 -45
-6 -45
-6 -45
-6 -43
-6 -43
-6 -36
-6 -36
-2 -26
-2 -26
5 -18
5 -18
14 -11
14 -11
22 -4
22 -4
28 -1
28 -1
32 3
35 4
35 4
37 4
37 4
38 4
38 4
38 4
38 4
39 2
39 2
40 -6
40 -6
40 -12
40 -12
40 -17
40 -17
40 -21
40 -21
40 -26
40 -31
40 -36
40 -41
40 -45
40 -48
40 -49
40 -50
40 -51
1364 744
9 1
9 1
28 3
28 3
42 6
42 6
48 7
48 7
48 7
48 7
49 7
49 7
49 7
49 7
1388 776.0001
-5 -13.00006
-5 -13.00006
-5 -25.00006
-5 -25.00006
-9 -38.00006
-9 -38.00006
-12 -49.00006
-12 -49.00006
-13 -55.00006
-13 -55.00006
-14 -61.00006
-14 -61.00006
-14 -66.00006
-14 -66.00006
-14 -70.00006
-14 -70.00006
-14 -73.00006
-14 -73.00006
-12 -76.00006
-12 -76.00006
-9 -77.00006
-9 -77.00006
-6 -78.00006
-6 -78.00006
0 -78.00006
0 -78.00006
5 -78.00006
5 -78.00006
11 -78.00006
11 -78.00006
17 -74.00006
17 -74.00006
25 -66.00006
25 -66.00006
34 -58.00006
34 -58.00006
38 -55.00006
38 -55.00006
38 -55.00006
38 -55.00006
38 -55.00006
586 624
-5 -13
-5 -13
-11 -31
-11 -31
-20 -49
-20 -49
-26 -64
-26 -64
-31 -75
-31 -75
-34 -81
-34 -81
-34 -84
-34 -84
-34 -89
-36 -94
-36 -94
-37 -97
-37 -97
-37 -97
587 623
9 -6
9 -6
9 -20
9 -20
14 -36
14 -36
18 -51
18 -51
20 -62
20 -62
22 -69
22 -69
23 -76
23 -76
23 -84
23 -84
23 -89
23 -89
24 -94
24 -94
24 -99
24 -99
24 -103
24 -103
565 564
8 2
8 2
16 2
16 2
25 2
25 2
31 2
31 2
34 2
34 2
37 2
37 2
638 563
0 -9
0 -17
0 -24
0 -28
1 -32
4 -34
6 -37
9 -38
12 -38
17 -38
22 -38
26 -37
30 -29
30 -29
35 -20
35 -20
39 -13
39 -13
41 -8
41 -8
41 -4
41 -4
41 0
41 0
41 3
41 3
41 5
41 5
41 6
41 6
41 6
41 6
41 7
41 7
41 7
41 7
41 7
41 7
41 6
41 4
41 4
42 -1
42 -1
43 -7
43 -7
43 -12
43 -12
43 -17
43 -17
43 -21
43 -21
44 -26
44 -26
45 -30
45 -30
45 -34
45 -34
46 -37
46 -37
46 -38
46 -38
46 -38
46 -38
46 -38
46 -38
712 566
3 -9
3 -9
3 -17
3 -17
3 -33
3 -33
2 -40
2 -40
2 -43
2 -43
1 -43
1 -43
1 -43
1 -43
0 -43
0 -43
0 -42
0 -42
0 -32
0 -23
0 -17
4 -13
7 -9
10 -6
16 -2
24 1
28 2
30 2
33 2
36 1
37 -2
39 -7
39 -9
39 -13
39 -13
40 -17
40 -17
40 -20
40 -20
40 -24
40 -24
40 -27
40 -27
40 -32
40 -32
40 -36
40 -36
40 -39
40 -39
40 -42
40 -42
40 -45
40 -45
40 -46
40 -46
40 -47
40 -47
40 -47
40 -47
40 -47
40 -47
784 569
9 0
9 0
19 0
19 0
26 0
26 0
30 0
30 0
32 0
32 0
33 0
33 0
35 0
36 0
36 0
37 0
37 0
809 610
-2 -7
-2 -21
-4 -36
-8 -50
-9 -56
-9 -61
-9 -64
-9 -66
-9 -70
-9 -73
-9 -77
-7 -79
-4 -82
-4 -82
0 -84
0 -84
2 -85
2 -85
5 -86
5 -86
11 -86
11 -86
18 -86
18 -86
25 -86
25 -86
31 -85
31 -85
35 -80
35 -80
39 -76
39 -76
41 -73
41 -73
42 -71
42 -71
42 -70
42 -70
42 -70
42 -70
1300 604
-7 -4
-7 -4
-11 -16
-11 -16
-21 -35
-21 -35
-31 -52
-31 -52
-37 -63
-37 -63
-40 -69
-40 -69
-43 -75
-43 -75
-44 -80
-44 -80
-45 -83
-45 -83
-47 -84
-47 -84
-47 -85
-47 -85
-47 -85
-47 -85
1309 622
3 -13
3 -13
3 -22
3 -22
6 -38
6 -38
7 -56
7 -56
7 -69
7 -69
8 -80
8 -80
9 -88
9 -88
10 -96
10 -96
11 -101
11 -101
11 -103
11 -103
11 -103
11 -103
11 -103
11 -103
1283 569
5 -3
5 -3
13 -3
22 -3
28 -3
32 -3
32 -3
1354 574
-6 -15
-6 -15
-9 -27
-9 -27
-13 -38
-13 -38
-14 -44
-14 -44
-14 -47
-14 -47
-14 -49
-14 -49
-13 -50
-13 -50
-10 -51
-10 -51
-3 -52
-3 -52
5 -52
5 -52
16 -49
16 -49
23 -40
23 -40
27 -34
27 -34
30 -28
30 -28
32 -20
32 -20
34 -13
34 -13
35 -10
35 -10
35 -6
35 -6
36 -5
36 -5
36 -5
36 -5
36 -5
36 -5
36 -5
36 -10
36 -10
36 -18
36 -18
36 -26
36 -26
36 -32
36 -32
36 -36
36 -36
36 -39
36 -39
36 -43
36 -43
36 -44
36 -44
36 -47
36 -47
36 -47
36 -47
36 -47
36 -47
1420 568
0 -9
0 -14
0 -14
0 -25
0 -25
-2 -40
-2 -40
-3 -47
-3 -47
-4 -50
-4 -50
-5 -51
-5 -51
-5 -51
-5 -51
-6 -51
-6 -51
-6 -40
-6 -40
-6 -27
-6 -27
-3 -19
-3 -19
2 -13
2 -13
10 -6
10 -6
18 0
18 0
26 3
26 3
34 6
34 6
38 6
38 6
41 6
41 6
42 3
42 3
44 -3
44 -3
46 -9
46 -9
46 -17
46 -23
46 -23
46 -28
46 -28
46 -35
46 -35
46 -40
46 -40
46 -43
46 -43
46 -46
46 -46
46 -47
46 -47
46 -47
46 -47
1487 564
15 4
15 4
27 4
27 4
37 7
43 8
43 8
47 9
47 9
52 11
52 11
55 13
55 13
1519 603
-4 -15
-5 -29
-7 -40
-9 -49
-9 -55
-10 -62
-10 -67
-10 -72
-10 -75
-9 -77
-5 -79
0 -80
0 -80
5 -80
5 -80
11 -80
11 -80
16 -80
16 -80
20 -78
20 -78
24 -73
24 -73
28 -68
28 -68
31 -64
31 -64
32 -64
32 -64
32 -64
32 -64
621 449
-6 -7.999969
-6 -7.999969
-7 -16.99997
-7 -16.99997
-14 -30.99994
-14 -30.99994
-23 -48
-23 -48
-30 -64.99997
-30 -64.99997
-38 -79.99997
-38 -79.99997
-42 -88.99997
-42 -88.99997
-44 -93.99994
-44 -93.99994
-44 -96
-44 -96
-44 -96.99994
-44 -96.99994
-45 -99
-45 -99
-45 -99
-45 -99
618 443
8 -7.999969
8 -7.999969
16 -22.99997
16 -22.99997
21 -36.99994
21 -36.99994
24 -49.99997
24 -49.99997
28 -63.99994
28 -63.99994
31 -72.99994
31 -72.99994
31 -78
31 -81
31 -81
31 -82.99997
31 -82.99997
31 -82.99997
31 -82.99997
32 -82.99997
32 -82.99997
605 395
10 -0.999939
10 -0.999939
25 -0.999939
25 -0.999939
38 -0.999939
38 -0.999939
43 -0.999939
43 -0.999939
44 -0.999939
44 -0.999939
46 -0.999939
46 -0.999939
675 394
0 -7.000031
0 -17.00006
0 -32.00006
-1 -49.00003
-3 -64.00003
-5 -78
-5 -81
-5 -81
-5 -83.00006
-5 -83.00006
-5 -83.00006
-5 -83.00006
674 384
3 10.99997
3 10.99997
14 16.99997
14 16.99997
24 21
24 21
30 22.00003
30 22.00003
36 22.00003
36 22.00003
42 19.99997
42 19.99997
48 13.99997
48 13.99997
53 6
53 6
54 -4.000031
54 -4.000031
54 -13.00003
54 -13.00003
45 -21
32 -28.00003
32 -28.00003
17 -33
17 -33
4 -34.00003
4 -34.00003
-6 -34.00003
-6 -34.00003
-12 -34.00003
-12 -34.00003
-15 -34.00003
739 399
1 -7.999969
1 -7.999969
1 -16.00003
1 -16.00003
1 -28.99997
1 -28.99997
1 -43.99997
1 -43.99997
-1 -58.99997
-1 -58.99997
-3 -72
-3 -72
-5 -79.99997
-5 -79.99997
-7 -82.99997
-7 -82.99997
-7 -82.99997
-7 -82.99997
-7 -82.99997
738 396
8 6
13 6
13 6
18 6
18 6
27 6
27 6
33 1.000031
33 1.000031
38 -3
38 -3
42 -9
42 -15
42 -15
43 -19.99997
43 -19.99997
42 -25.99997
42 -25.99997
37 -31.00003
37 -31.00003
32 -34.00003
32 -34.00003
23 -36
23 -36
15 -37.99997
15 -37.99997
8 -39
8 -39
2 -39
2 -39
1 -39
1 -39
817 442
-2 -9
-2 -9
-2 -18
-2 -18
-2 -25.00003
-2 -25.00003
-3 -32.00006
-3 -32.00006
-3 -40.00003
-3 -40.00003
-6 -48
-6 -48
-6 -54
-6 -54
-7 -59.00006
-7 -59.00006
-7 -64.00003
-7 -64.00003
-7 -68.00006
-7 -68.00006
-7 -72
-7 -72
-7 -76.00003
-7 -79.00003
-7 -79.00003
-7 -82.00003
-7 -82.00003
-6 -84
-6 -84
-4 -85.00003
-4 -85.00003
-3 -86.00006
-3 -86.00006
-2 -86.00006
-2 -86.00006
0 -86.00006
0 -86.00006
1 -86.00006
1 -86.00006
2 -86.00006
2 -86.00006
5 -86.00006
5 -86.00006
7 -85.00003
7 -85.00003
9 -85.00003
9 -85.00003
18 -82.00003
18 -82.00003
859 380
14 -0.999939
20 -0.999939
20 -0.999939
24 2.000061
24 2.000061
28 6
28 6
30 13.00003
30 13.00003
31 19.00003
31 19.00003
31 24
31 24
28 29.00006
28 29.00006
21 33
21 33
14 34.00003
14 34.00003
9 34.00003
9 34.00003
4 34.00003
4 34.00003
-3 34.00003
-3 34.00003
-11 33
-11 33
-18 31.00003
-18 31.00003
-20 27
-20 27
-21 24
-22 19.00003
-22 14.00006
-22 14.00006
-22 9
-22 9
-22 3
-22 3
-22 -0.999939
-22 -0.999939
-19 -6
-19 -6
-16 -9.999939
-16 -9.999939
-12 -12
-12 -12
-9 -15
-9 -15
-5 -18
-5 -18
-1 -18.99994
-1 -18.99994
2 -19.99997
2 -19.99997
5 -21
5 -21
9 -21
9 -21
12 -21
12 -21
16 -21
16 -21
19 -21
19 -21
22 -21
22 -21
25 -21
25 -21
26 -21
26 -21
28 -21
28 -21
1293 446
-6 -6.999939
-6 -6.999939
-14 -22.99997
-14 -22.99997
-26 -40.99997
-26 -40.99997
-35 -54
-35 -54
-40 -63
-40 -63
-44 -69.99994
-44 -69.99994
-46 -75
-46 -75
-49 -79.99997
-49 -79.99997
-51 -84
-51 -84
-51 -85.99997
-51 -85.99997
-51 -85.99997
-51 -85.99997
1303 447
2 -15
2 -15
3 -31.99997
5 -43.99997
5 -52.99997
7 -58.99997
7 -66
7 -79.00003
7 -88.99997
7 -91.00003
1265 399
11 3
11 3
23 3
23 3
31 3
31 3
36 3
36 3
40 3
40 3
1354 401
-5 -12
-5 -12
-5 -27.99994
-5 -27.99994
-9 -40.99997
-9 -40.99997
-10 -52.99997
-10 -52.99997
-10 -61.99997
-10 -61.99997
-13 -69.99994
-13 -69.99994
-15 -79.99997
-15 -79.99997
-20 -96
-20 -96
-23 -105
-23 -105
-24 -105
-24 -105
1353 399
13 10.00003
20 10.00003
25 10.00003
30 10.00003
35 9
39 3
42 -3
42 -7.000031
42 -13.00003
40 -21
35 -28.99997
29 -34.00003
23 -39
16 -40.00003
10 -40.00003
10 -40.00003
3 -40.00003
3 -40.00003
-1 -40.00003
-1 -40.00003
-4 -40.00003
-4 -40.00003
1427 400
0 -8.000061
0 -20.00006
0 -34.00003
-4 -46.00003
-5 -56.00006
-5 -56.00006
-7 -64.00003
-7 -64.00003
-8 -69
-8 -69
-9 -72
-9 -72
-10 -75
-10 -75
-11 -84
-11 -84
1429 399
7 7.999969
7 7.999969
13 7.999969
13 7.999969
22 7.999969
22 7.999969
27 7.999969
27 7.999969
33 4.999969
33 4.999969
38 -1.000031
38 -1.000031
42 -7.000031
42 -7.000031
42 -10.99997
42 -10.99997
42 -16.00003
42 -16.00003
42 -21
42 -21
41 -25.00003
33 -28.99997
24 -33
16 -34.99997
10 -37.00003
7 -37.99997
7 -37.99997
1524 450
-11 -13.99997
-11 -13.99997
-15 -28.00003
-15 -28.00003
-19 -40.00003
-21 -49.99997
-21 -49.99997
-23 -58.99997
-23 -58.99997
-24 -66
-24 -66
-26 -70.99997
-26 -70.99997
-26 -76.99997
-26 -76.99997
-26 -81
-26 -81
-26 -85.00003
-26 -85.00003
-26 -88.99997
-26 -88.99997
-26 -91.99997
-26 -91.99997
-25 -94.99997
-25 -94.99997
-21 -97.99997
-21 -97.99997
-13 -100
-13 -100
-3 -100
-3 -100
4 -97.99997
4 -97.99997
8 -94.99997
8 -94.99997
1554 382
10 -4.000031
19 -4.000031
26 -1.000031
30 1.999969
33 6
34 10.99997
34 16.99997
34 21.99994
34 24.99994
30 28.99997
26 30.99994
19 33
12 33.99994
4 33.99994
4 33.99994
-2 33.99994
-2 33.99994
-7 30.99994
-7 30.99994
-10 27
-10 27
-12 21
-12 21
-14 13.99997
-14 13.99997
-15 6.999939
-15 6.999939
-15 0.999939
-15 0.999939
-15 -5.000061
-15 -5.000061
-15 -10.00003
-15 -10.00003
-15 -13.00003
-15 -13.00003
-11 -17.00006
-11 -17.00006
-9 -20.00006
-9 -20.00006
-6 -23.00006
-6 -23.00006
-3 -26.00006
-3 -26.00006
0 -28.00003
0 -28.00003
5 -30
5 -30
9 -31.00003
9 -31.00003
14 -32.00006
19 -32.00006
19 -32.00006
26 -32.00006
26 -32.00006
30 -32.00006
30 -32.00006
33 -32.00006
33 -32.00006
37 -32.00006
37 -32.00006
38 -30
1843 124
1756 136
1799 1201
108 1414
1807 136
1836 1206
1796 1214
1796 1214
