440 953.0001
-3 -10.00012
-3 -10.00012
-7 -22.00012
-7 -22.00012
-13 -33
-13 -33
-18 -43.00012
-18 -43.00012
-20 -51
-20 -51
-23 -57
-23 -57
-24 -63
-24 -63
-25 -68.00006
-25 -68.00006
-29 -73.00012
-29 -73.00012
-31 -77.00006
-31 -77.00006
-32 -80.00006
-32 -80.00006
-34 -83.00006
-34 -83.00006
-35 -85.00012
-35 -85.00012
-36 -85.00012
-36 -85.00012
-36 -85.00012
-36 -85.00012
440 953.0001
-3 -10.00012
-3 -10.00012
-7 -22.00012
-7 -22.00012
-13 -33
-13 -33
-18 -43.00012
-18 -43.00012
-20 -51
-20 -51
-23 -57
-23 -57
-24 -63
-24 -63
-25 -68.00006
-25 -68.00006
-29 -73.00012
-29 -73.00012
-31 -77.00006
-31 -77.00006
-32 -80.00006
-32 -80.00006
-34 -83.00006
-34 -83.00006
-35 -85.00012
-35 -85.00012
-36 -85.00012
-36 -85.00012
-36 -85.00012
-36 -85.00012
440 951
10 -11.00006
10 -11.00006
10 -15
10 -15
12 -21.99994
12 -21.99994
17 -30
17 -30
19 -36.99994
19 -36.99994
21 -47.00006
21 -47.00006
22 -56.00006
22 -56.00006
25 -65.00006
25 -65.00006
26 -71.00006
26 -71.00006
27 -77.00006
27 -77.00006
28 -81
28 -81
28 -83.00006
28 -83.00006
28 -84.99994
28 -84.99994
28 -87
28 -87
28 -87
28 -87
28 -87
28 -87
414 903.9999
14 1.000122
14 1.000122
23 1.000122
23 1.000122
31 1.000122
31 1.000122
36 1.000122
41 1.000122
41 1.000122
42 1.000122
42 1.000122
43 1.000122
43 1.000122
45 1.000122
45 1.000122
666 918
-4 6.999939
-4 6.999939
-8 6.999939
-8 6.999939
-13 6.999939
-13 6.999939
-16 6.999939
-16 6.999939
-18 6.999939
-18 6.999939
-23 6.999939
-23 6.999939
-27 6
-27 6
-31 0.999939
-35 -3.999939
-35 -3.999939
-39 -9
-39 -9
-40 -14.00006
-40 -14.00006
-40 -18.99994
-40 -18.99994
-40 -26.00006
-40 -26.00006
-40 -33.99994
-40 -33.99994
-40 -41.00006
-40 -41.00006
-40 -45.99994
-40 -45.99994
-40 -48.99994
-40 -48.99994
-39 -51
-39 -51
-36 -51.99994
-36 -51.99994
-35 -51.99994
-35 -51.99994
-33 -51.99994
-33 -51.99994
-32 -51.99994
-32 -51.99994
-29 -51.99994
-29 -51.99994
-26 -51.99994
-26 -51.99994
-22 -51.99994
-22 -51.99994
-20 -50.00006
-20 -50.00006
-18 -47.00006
-18 -47.00006
-15 -41.00006
-15 -41.00006
-12 -32.00006
-12 -32.00006
-7 -27
-7 -27
-7 -23.00006
-7 -20.00006
-6 -17.00006
-6 -12.99994
-6 -9
-6 -6.999939
-6 -6.999939
-6 -6
-6 -6
-6 -5.000061
-6 -5.000061
-6 -5.000061
-6 -5.000061
-6 -5.000061
-6 -5.000061
-6 -5.000061
-6 -5.000061
-6 -5.000061
-6 -5.000061
-6 -6
-6 -6
-5 -9.999939
-5 -9.999939
-5 -18
-5 -18
-3 -24.99994
-3 -24.99994
-2 -30.99994
-2 -30.99994
-1 -36.99994
-1 -36.99994
1 -42
1 -42
2 -45
2 -45
5 -48
5 -48
7 -50.00006
7 -50.00006
8 -51.99994
8 -51.99994
9 -51.99994
9 -51.99994
9 -51.99994
9 -51.99994
9 -51.99994
9 -51.99994
903 951
-3 -14.00006
-3 -14.00006
-7 -26.00006
-7 -26.00006
-13 -36.99994
-13 -36.99994
-19 -48
-19 -48
-24 -56.00006
-24 -56.00006
-26 -60.99994
-26 -60.99994
-27 -65.00006
-27 -65.00006
-28 -69
-28 -69
-30 -72
-30 -72
-33 -75.99994
-33 -75.99994
-34 -77.00006
-34 -77.00006
-34 -78
-34 -78
-34 -78.99994
-34 -78.99994
-34 -78.99994
-34 -78.99994
907 953.0001
6 -12
10 -22.00012
10 -22.00012
10 -22.00012
14 -31.00012
14 -31.00012
15 -40.00012
15 -49.00012
15 -49.00012
17 -56.00006
17 -56.00006
17 -62.00006
17 -62.00006
18 -67.00012
18 -67.00012
18 -71.00006
18 -71.00006
19 -75
19 -75
19 -78
19 -78
19 -81
19 -81
19 -81
19 -81
19 -82.00012
19 -82.00012
884 909.9999
8 -0.999939
8 -0.999939
18 -0.999939
18 -0.999939
27 -0.999939
27 -0.999939
32 -0.999939
32 -0.999939
36 -0.999939
36 -0.999939
37 -0.999939
37 -0.999939
38 -0.999939
38 -0.999939
1127 921.9999
-6 9
-6 9
-10 9
-10 9
-12 9
-12 9
-17 9
-17 9
-21 9
-21 9
-24 7.000122
-24 7.000122
-26 5.000061
-26 5.000061
-30 0
-33 -7.999878
-36 -18
-39 -25.99988
-40 -33
-40 -39.99994
-40 -45
-39 -48.99994
-36 -51.99994
-33 -51.99994
-31 -51.99994
-27 -51.99994
-27 -51.99994
-24 -51.99994
-24 -51.99994
-21 -51.99994
-21 -51.99994
-16 -48.99994
-16 -48.99994
-11 -42
-11 -42
-8 -31.99988
-8 -31.99988
-6 -24
-6 -24
-5 -19.99988
-5 -19.99988
-5 -15
-5 -15
-5 -12
-5 -12
-5 -7.999878
-5 -7.999878
-5 -3.999939
-5 -3.999939
-5 -1.999878
-5 -1.999878
-5 -0.999939
-5 -0.999939
-5 -0.999939
-5 -0.999939
-5 -0.999939
-5 -0.999939
-5 -0.999939
-5 -0.999939
-5 -3.999939
-5 -3.999939
-5 -15
-5 -15
-5 -24.99994
-5 -24.99994
-5 -30.99994
-5 -30.99994
-5 -33
-5 -36
-5 -36
-5 -39
-5 -39
-2 -42
-2 -42
1 -43.99988
1 -43.99988
4 -45.99994
4 -45.99994
8 -48.99994
8 -49.99988
8 -49.99988
9 -49.99988
9 -49.99988
9 -49.99988
9 -49.99988
1360 948
-8 -9.999939
-8 -9.999939
-10 -18
-10 -18
-16 -29.00006
-16 -29.00006
-21 -39.99994
-21 -39.99994
-26 -54
-29 -60.99994
-29 -60.99994
-34 -69.99994
-34 -69.99994
-35 -72.99994
-35 -72.99994
-37 -75.99994
-37 -75.99994
-37 -78
-37 -78
-37 -78
-37 -78
-37 -78
-37 -78
-37 -78
-37 -78
1369 960
6 -9.999939
6 -9.999939
6 -20.00006
6 -20.00006
9 -30.99994
9 -30.99994
10 -39.99994
10 -39.99994
12 -51
12 -51
12 -51
14 -60.99994
14 -69
14 -69
14 -75.99994
14 -75.99994
16 -84.99994
16 -89.00006
16 -90.99994
16 -92.00006
1349 911.0001
2 -1.000122
2 -1.000122
10 -1.000122
10 -1.000122
17 -1.000122
17 -1.000122
22 -1.000122
22 -1.000122
25 -1.000122
25 -1.000122
29 -1.000122
29 -1.000122
30 -1.000122
30 -1.000122
32 -1.000122
32 -1.000122
1591 911.0001
-6 15
-6 15
-10 15
-10 15
-14 15
-14 15
-19 15
-19 15
-26 15
-26 15
-32 13.99988
-32 13.99988
-37 9.999939
-37 9.999939
-42 3
-44 -3
-44 -3
-46 -10.00012
-46 -10.00012
-46 -18
-46 -18
-46 -25.00012
-46 -25.00012
-46 -31.00012
-46 -31.00012
-46 -36
-46 -36
-43 -38.00006
-41 -40.00012
-41 -40.00012
-39 -41.00006
-39 -41.00006
-37 -41.00006
-37 -41.00006
-33 -41.00006
-33 -41.00006
-30 -41.00006
-30 -41.00006
-26 -41.00006
-26 -41.00006
-21 -37.00012
-21 -37.00012
-17 -29.00006
-17 -29.00006
-13 -20.00006
-13 -20.00006
-9 -13.00012
-9 -13.00012
-9 -8.000061
-9 -8.000061
-8 -2.000061
-8 -2.000061
-7 3
-7 3
-6 7.999878
-6 7.999878
-6 9.999939
-6 9.999939
-6 9.999939
-6 9.999939
-6 9.999939
-6 9.999939
-6 9.999939
-6 9.999939
-6 3
-6 3
-6 -7.000122
-6 -7.000122
-6 -14.00006
-6 -14.00006
-6 -19.00012
-6 -19.00012
-6 -22.00012
-6 -22.00012
-4 -26.00006
-4 -26.00006
-1 -31.00012
-1 -31.00012
3 -36
3 -36
6 -40.00012
11 -42
12 -43.00012
13 -44.00006
573 798.9999
-5 -9.999939
-5 -9.999939
-9 -21
-9 -21
-17 -35.99994
-17 -35.99994
-25 -49.99994
-31 -60.99994
-31 -60.99994
-36 -70.99994
-36 -70.99994
-41 -81.99994
-41 -81.99994
-46 -93.99994
-46 -93.99994
-48 -98.99994
-48 -98.99994
-49 -103.9999
-49 -103.9999
-50 -103.9999
-50 -103.9999
-50 -104.9999
-50 -104.9999
-50 -105.9999
-50 -105.9999
-50 -106.9999
-50 -106.9999
570 791.0001
4 -8.000061
5 -18
7 -30.00006
9 -40.00006
10 -50.00006
11 -59.00006
11 -66.00006
11 -74.00006
11 -83.00006
11 -88.00006
11 -91.00006
11 -91.00006
11 -92.00006
11 -92.00006
11 -92.00006
540 739
10 -1
10 -1
21 -1
21 -1
32 -1
32 -1
40 -1
40 -1
44 -1
44 -1
600 744
10 -16
10 -23
10 -30
9 -37
8 -40
7 -41
6 -41
6 -41
6 -41
6 -41
6 -41
6 -39
6 -39
7 -32
7 -32
12 -22
12 -22
15 -15
15 -15
19 -10
19 -10
22 -8
22 -8
25 -5
25 -5
29 -1
29 -1
33 2
33 2
36 4
36 4
39 5
39 5
42 5
42 5
45 5
45 5
48 3
49 -2
49 -2
51 -8
51 -8
51 -15
51 -15
51 -21
51 -21
51 -26
51 -26
51 -30
51 -30
50 -33
50 -33
49 -35
49 -35
49 -37
49 -37
49 -39
49 -40
49 -40
49 -41
49 -41
49 -42
49 -42
49 -43
49 -43
49 -44
49 -44
49 -44
49 -44
49 -44
49 -44
678 745
9 -1
9 -1
15 -1
26 -1
35 -1
39 -1
40 -1
702 773.0001
-3 -5.000061
-3 -5.000061
-3 -11.00006
-3 -11.00006
-4 -19.00006
-4 -19.00006
-5 -27.00006
-5 -27.00006
-8 -33.00006
-9 -38.00006
-9 -38.00006
-10 -44.00006
-10 -44.00006
-11 -49.00006
-11 -49.00006
-11 -54.00006
-11 -54.00006
-11 -58.00006
-11 -58.00006
-11 -63.00006
-11 -63.00006
-11 -67.00006
-11 -67.00006
-11 -69.00006
-11 -69.00006
-11 -72.00006
-11 -72.00006
-10 -74.00006
-10 -74.00006
-9 -75.00006
-9 -75.00006
-6 -76.00006
-6 -76.00006
-4 -77.00006
-4 -77.00006
-2 -78.00006
-2 -78.00006
0 -78.00006
0 -78.00006
4 -78.00006
4 -78.00006
6 -78.00006
6 -78.00006
10 -78.00006
10 -78.00006
15 -77.00006
15 -77.00006
20 -72.00006
20 -72.00006
25 -66.00006
25 -66.00006
29 -62.00006
29 -62.00006
30 -59.00006
30 -59.00006
30 -59.00006
30 -59.00006
1240 777.9999
-6 -9.999939
-8 -18.99994
-13 -29.99994
-17 -41.99994
-22 -53.99994
-27 -62.99994
-27 -62.99994
-29 -68.99994
-29 -68.99994
-32 -75.99994
-32 -75.99994
-34 -82.99994
-34 -82.99994
-37 -87.99994
-37 -87.99994
-39 -90.99994
-39 -90.99994
-39 -91.99994
-39 -91.99994
-39 -91.99994
-39 -91.99994
1246 780
2 -8.000061
2 -8.000061
4 -17
4 -17
8 -30
8 -30
11 -43
11 -43
13 -55
13 -55
15 -66
15 -66
15 -71
16 -75
16 -75
16 -76
16 -76
17 -77
17 -77
18 -79
18 -79
1226 737
12 0
12 0
21 0
21 0
31 0
31 0
34 0
34 0
35 0
35 0
1292 744
0 -10
0 -10
0 -17
0 -17
0 -29
0 -29
-1 -43
-1 -43
-4 -51
-4 -51
-4 -51
-4 -51
-4 -51
-4 -51
-4 -51
-4 -51
-4 -51
-4 -51
-4 -49
-4 -49
-4 -39
-4 -39
1 -27
1 -27
7 -18
7 -18
11 -10
11 -10
14 -7
14 -7
17 -5
19 -3
19 -3
23 -3
23 -3
28 -3
28 -3
33 -3
33 -3
36 -3
36 -3
38 -3
38 -3
39 -5
39 -5
39 -8
39 -8
39 -13
39 -13
39 -18
39 -18
39 -24
39 -24
39 -32
39 -32
38 -38
37 -43
37 -43
36 -46
36 -46
36 -48
36 -48
36 -49
36 -49
36 -49
36 -49
36 -49
36 -49
1361 737
7 2
20 2
37 5
51 9
55 11
55 11
1388 768.9999
-3 -2.999939
-3 -2.999939
-3 -13.99994
-3 -13.99994
-7 -28.99994
-7 -28.99994
-10 -37.99994
-10 -37.99994
-10 -44.99994
-11 -50.99994
-11 -50.99994
-11 -56.99994
-11 -56.99994
-11 -60.99994
-11 -64.99994
-11 -64.99994
-10 -68.99994
-10 -68.99994
-6 -70.99994
-6 -70.99994
-3 -73.99994
-3 -73.99994
0 -73.99994
0 -73.99994
4 -73.99994
4 -73.99994
7 -73.99994
7 -73.99994
12 -73.99994
12 -73.99994
20 -73.99994
20 -73.99994
29 -65.99994
29 -65.99994
37 -58.99994
37 -58.99994
39 -56.99994
39 -56.99994
39 -55.99994
39 -55.99994
39 -55.99994
39 -55.99994
39 -55.99994
39 -55.99994
601 627
-3 -14
-3 -14
-12 -34
-12 -34
-23 -56
-23 -56
-30 -69
-30 -69
-33 -77
-33 -77
-34 -82
-36 -88
-36 -88
-36 -88
-39 -93
-39 -93
-40 -98
-42 -103
-42 -103
-43 -104
-43 -104
605 623
6 -15
6 -15
9 -23
12 -35
15 -43
16 -52
16 -56
18 -66
20 -74
20 -83
20 -88
21 -94
21 -95
21 -96
21 -96
21 -96
581 568
9 0
9 0
16 0
16 0
26 0
26 0
34 0
34 0
37 0
37 0
38 0
38 0
647 569
0 -5
0 -5
0 -15
0 -15
0 -24
0 -24
0 -29
0 -29
1 -34
1 -34
4 -37
4 -37
7 -39
7 -39
10 -40
10 -40
12 -40
12 -40
15 -40
18 -40
18 -40
20 -39
23 -33
26 -25
29 -18
31 -12
31 -9
32 -4
34 0
35 5
35 6
35 6
35 6
35 6
35 6
35 6
35 6
35 -1
35 -14
35 -14
35 -34
35 -34
34 -41
34 -41
33 -46
33 -46
33 -49
33 -49
33 -49
33 -49
33 -49
33 -49
709 569
1 -8
1 -8
1 -17
1 -17
1 -23
1 -29
1 -29
1 -33
1 -33
1 -34
1 -34
1 -35
1 -35
1 -36
1 -36
1 -37
1 -37
1 -37
1 -37
1 -37
1 -37
1 -38
1 -38
1 -38
1 -38
1 -38
1 -38
1 -38
1 -38
0 -38
0 -38
0 -29
0 -29
0 -20
0 -20
3 -12
3 -12
6 -9
6 -9
8 -5
11 -3
13 -1
16 0
19 0
23 0
27 0
31 -1
32 -3
32 -8
33 -13
33 -19
33 -19
33 -24
33 -24
33 -29
33 -29
33 -32
33 -32
33 -36
33 -36
33 -39
33 -39
33 -43
33 -43
33 -46
33 -46
33 -48
33 -48
33 -49
33 -49
33 -49
33 -50
33 -50
33 -51
33 -51
33 -51
33 -51
33 -51
33 -51
766 564
12 0
12 0
19 0
19 0
24 0
24 0
34 0
34 0
39 0
42 0
42 0
790 601
-1 -16
-2 -27
-5 -40
-5 -47
-6 -52
-6 -57
-6 -63
-6 -63
-6 -71
-6 -71
-6 -76
-6 -76
-4 -79
-4 -79
-2 -81
-2 -81
1 -82
1 -82
5 -83
5 -83
7 -83
7 -83
10 -83
10 -83
12 -83
12 -83
15 -83
15 -83
18 -83
18 -83
19 -81
19 -81
22 -78
22 -78
24 -76
24 -76
24 -76
1300 611
-8 -11
-8 -11
-15 -26
-15 -26
-23 -39
-23 -39
-29 -52
-29 -52
-34 -63
-34 -63
-39 -73
-39 -73
-45 -84
-52 -95
-52 -95
-53 -99.00003
-53 -99.00003
-53 -99.00003
-53 -99.00003
-53 -99.00003
-53 -99.00003
-53 -99.00003
-53 -99.00003
1303 615
3 -10
3 -10
3 -20
3 -20
4 -31
4 -31
5 -42
5 -42
7 -53
7 -53
7 -61
7 -61
8 -70
8 -70
9 -79
9 -79
9 -82
9 -82
9 -84
9 -84
10 -85
10 -87
12 -87
1279 561
6 1
6 1
15 1
15 1
24 1
24 1
30 1
30 1
33 1
33 1
1344 568
-5 -8
-5 -23
-5 -23
-5 -31
-5 -31
-5 -33
-5 -33
-5 -37
-5 -37
-1 -42
-1 -42
5 -43
5 -43
11 -44
11 -44
16 -44
16 -44
21 -43
21 -43
24 -36
24 -36
28 -28
28 -28
31 -19
31 -19
33 -10
33 -10
34 -5
34 -5
34 -1
34 -1
35 3
35 3
35 6
35 6
35 6
35 7
35 7
35 7
35 7
35 7
35 7
35 7
35 7
35 6
35 6
35 -5
35 -5
35 -15
35 -15
35 -23
35 -23
35 -29
36 -35
38 -39
39 -43
39 -44
1410 570
-1 -11
-1 -27
-1 -27
-2 -37
-2 -37
-3 -40
-3 -40
-3 -40
-3 -40
-3 -41
-3 -41
-3 -42
-3 -42
-3 -43
-3 -43
-3 -44
-3 -44
-3 -44
-3 -44
-3 -44
-3 -44
-3 -44
-3 -44
-3 -40
-3 -25
-3 -25
2 -12
2 -12
5 -7
5 -7
7 -5
7 -5
10 -4
10 -4
13 -2
19 -1
19 -1
25 0
25 0
28 0
28 0
29 0
29 0
30 0
30 0
31 -1
31 -1
32 -8
32 -8
33 -14
33 -14
33 -19
33 -19
33 -26
33 -26
33 -33
33 -33
33 -39
33 -39
33 -43
33 -43
33 -47
33 -47
33 -51
33 -51
33 -55
33 -55
33 -56
33 -56
33 -56
33 -56
1461 564
8 3
8 3
21 3
21 3
44 5
65 12
65 12
75 15
75 15
76 16
76 16
75 16
75 16
1498 596
-4 -13
-4 -24
-4 -24
-5 -32
-5 -32
-7 -42
-7 -42
-8 -53
-8 -53
-9 -60
-9 -60
-9 -66
-9 -66
-9 -69
-9 -69
-9 -72
-9 -72
-8 -75
-8 -75
-6 -76
-4 -77
-4 -77
-2 -78
-2 -78
1 -79
1 -79
2 -79
2 -79
4 -79
4 -79
7 -79
7 -79
9 -79
9 -79
11 -79
11 -79
14 -79
14 -79
16 -79
16 -79
23 -76
23 -76
32 -71
32 -71
37 -66
37 -66
39 -63
39 -63
39 -63
39 -63
614 447
-7 -10.99997
-9 -24
-9 -24
-18 -40.00003
-18 -40.00003
-25 -52.99997
-31 -64.99997
-35 -73.99997
-38 -82.00003
-39 -87
-40 -88.00003
-40 -91.99997
-40 -91.99997
621 443
6 -12
6 -12
8 -24.99994
8 -24.99994
9 -36
9 -36
13 -48.99994
13 -48.99994
13 -63.99994
13 -63.99994
14 -76.99997
14 -76.99997
14 -81
14 -81.99994
14 -81.99994
14 -82.99997
14 -82.99997
14 -84
14 -84
593 399
12 1.000031
26 1.000031
26 1.000031
34 1.000031
34 1.000031
40 1.000031
40 1.000031
43 1.000031
43 1.000031
663 400
1 -6
1 -18
1 -32.00006
-2 -49.00003
-4 -64.00003
-7 -76.00003
-8 -83.00006
-10 -93
664 394
13 6.999939
13 6.999939
19 6.999939
19 6.999939
26 6.999939
26 6.999939
31 6
31 6
36 3
36 3
39 -1.000031
39 -1.000031
40 -6
40 -6
40 -11.00006
40 -11.00006
40 -16.00003
40 -16.00003
40 -19.00003
40 -19.00003
37 -20.00006
29 -24
29 -24
20 -27
20 -27
16 -28.00003
16 -28.00003
14 -28.00003
14 -28.00003
11 -28.00003
11 -28.00003
727 392
0 -9.999939
0 -9.999939
0 -24
0 -24
-2 -36.99994
-2 -36.99994
-4 -48.99994
-4 -48.99994
-5 -57.99994
-5 -57.99994
-6 -66
-6 -66
-7 -72
-7 -72
-8 -76.99997
-8 -76.99997
-8 -81
-8 -81.99994
725 388
9 10.99997
9 10.99997
16 10.99997
16 10.99997
24 10.99997
24 10.99997
30 10.99997
30 10.99997
34 7.999969
37 1.999969
37 1.999969
38 -2.000061
38 -2.000061
38 -7.000031
38 -7.000031
38 -13.00003
38 -13.00003
37 -18
37 -18
33 -22.00003
33 -22.00003
29 -25.00003
29 -25.00003
22 -26.00006
22 -26.00006
16 -27
16 -27
10 -28.00003
10 -28.00003
7 -28.00003
7 -28.00003
797 437
0 -9.999939
-1 -24
-1 -24
-3 -33
-3 -33
-5 -42
-5 -42
-7 -51
-7 -51
-8 -58.99997
-8 -58.99997
-10 -66.99994
-10 -66.99994
-11 -75.99994
-11 -75.99994
-11 -81
-11 -81
-11 -82.99997
-11 -82.99997
-11 -82.99997
-11 -82.99997
-11 -82.99997
-11 -82.99997
819 380
13 -3.999939
13 -3.999939
20 -3.999939
20 -3.999939
25 -3.999939
31 1.000031
31 1.000031
35 6
35 6
37 10.00003
37 10.00003
37 14.00006
37 14.00006
37 18
37 18
37 22.00003
37 22.00003
34 25.00003
34 25.00003
29 29.00006
29 29.00006
24 32.00006
24 32.00006
17 33
17 33
13 33
13 33
10 33
10 33
6 33
6 33
3 33
3 33
-1 32.00006
-7 24
-7 24
-12 16.00003
-13 9
-13 9
-14 3
-14 3
-14 -3
-14 -3
-14 -7.999969
-10 -15
-10 -15
-4 -19.99997
-4 -19.99997
1 -21.99994
1 -21.99994
5 -24
5 -24
11 -24.99994
11 -24.99994
17 -24.99994
17 -24.99994
22 -24.99994
22 -24.99994
28 -24.99994
28 -24.99994
33 -24.99994
33 -24.99994
37 -24.99994
37 -24.99994
40 -24.99994
40 -24.99994
43 -24.99994
43 -24.99994
44 -24.99994
44 -24.99994
1301 443
-5 -9.999939
-5 -9.999939
-13 -24.99994
-13 -24.99994
-22 -39.99994
-22 -39.99994
-30 -54
-34 -61.99997
-34 -61.99997
-36 -66.99994
-36 -66.99994
-38 -72
-38 -72
-40 -75
-40 -75
-43 -81.99994
-43 -81.99994
-44 -84
-44 -84
-44 -84
-44 -84
1310 441
5 -13.99997
9 -25.99997
10 -36
12 -43.99997
13 -54
14 -61.99997
14 -67.00003
14 -72
14 -76.00003
15 -79.00003
15 -79.99997
1283 392
12 2.000061
12 2.000061
23 2.000061
32 2.000061
32 2.000061
35 2.000061
35 2.000061
39 2.000061
39 2.000061
1361 395
-2 -12
-2 -12
-2 -30
-2 -30
-6 -48
-6 -48
-9 -60.99994
-9 -60.99994
-12 -69.99994
-12 -69.99994
-12 -78
-12 -78
-13 -81.99994
-13 -81.99994
-15 -84
-15 -84
-16 -88.99997
-16 -88.99997
1363 394
6 4.999969
6 4.999969
15 4.999969
15 4.999969
26 4.999969
26 4.999969
33 4.999969
33 4.999969
37 0.999939
37 0.999939
37 -3
37 -3
37 -9
37 -9
37 -17.00006
37 -17.00006
30 -25.00003
30 -25.00003
22 -31.00003
22 -31.00003
12 -34.00003
12 -34.00003
5 -35.00006
5 -35.00006
1 -35.00006
1 -35.00006
1430 394
0 -14.00006
0 -14.00006
-1 -28.00003
-1 -28.00003
-6 -43.00003
-6 -43.00003
-9 -58.00003
-9 -58.00003
-12 -67.00003
-12 -67.00003
-13 -73.00003
-14 -78
-14 -78
-17 -85.00003
-17 -85.00003
-19 -88.00003
-19 -88.00003
-19 -91.00003
-19 -91.00003
1425 389
7 6
7 6
16 6
16 6
26 6
26 6
34 6
34 6
41 2.000061
41 2.000061
44 -1.999969
44 -1.999969
44 -4.999969
44 -4.999969
44 -9
43 -13.99997
43 -13.99997
36 -18.99994
29 -24
21 -27.99994
15 -30
11 -31.99997
8 -31.99997
1512 435
-6 -7.000031
-6 -7.000031
-7 -19.00003
-7 -19.00003
-11 -31.99997
-15 -43.00003
-15 -43.00003
-17 -52.99997
-17 -52.99997
-18 -61.99997
-18 -61.99997
-18 -67.99997
-18 -67.99997
-18 -70.99997
-18 -70.99997
-18 -73.00003
-18 -73.00003
-18 -75
-18 -75
-14 -78
1526 378
14 -1.999969
14 -1.999969
23 -1.000031
28 1.000031
28 1.000031
32 4.000031
32 4.000031
37 7.999969
37 10.99997
38 15
38 18
38 21
38 22.99997
36 25.99997
31 28.99997
24 31.00003
19 31.00003
14 31.00003
9 31.00003
9 31.00003
2 28.00003
2 28.00003
-2 24
-2 24
-3 19.99997
-3 19.99997
-5 13.00003
-5 13.00003
-5 6
-5 6
-5 -1.000031
-5 -1.000031
-5 -7.999969
-5 -7.999969
-2 -13.99997
-2 -13.99997
1 -18
1 -18
3 -19.99997
3 -19.99997
8 -22.99997
8 -22.99997
13 -22.99997
13 -22.99997
18 -24
18 -24
23 -24
28 -24
28 -24
36 -24
36 -24
40 -24
40 -24
45 -24
45 -24
49 -24
49 -24
1843 1214
1843 1214
1816 1207
1811 1211
1818 1213
1811 1209
1811 1209
1807 1208
1807 1208
1773 1201
1799 1213
1799 1213
1808 1211
1808 1211
