0 0
-1167 -862.0001
-1156 -862.0001
-1139 -862.0001
-1121 -862.0001
-1110 -862.0001
-1103 -862.0001
-1098 -862.0001
-1091 -862.0001
-1088 -862.0001
-1084 -862.0001
-1076 -862.0001
-1069 -865.0001
-1065 -867.0002
-1061 -871.0001
-1054 -881.0001
-1048 -892.0001
-1046 -899.0001
-1045 -905.0001
-1045 -919.0001
-1045 -924.0002
-1045 -928.0001
-1045 -931.0001
-1045 -935.0001
-1045 -940.0001
-1045 -946.0001
-1047 -950.0001
-1049 -954.0002
-1052 -959.0001
-1059 -966.0001
-1064 -970.0001
-1073 -973.0001
-1079 -976.0001
-1084 -978.0001
-1090 -981.0001
-1100 -984.0001
-1107 -985.0001
-1113 -987.0001
-1123 -988.0001
-1137 -993.0001
-1146 -996.0001
-1157 -999.0001
-1166 -1003
-1173 -1007
-1182 -1011
-1185 -1012
-1186 -1013
-1186 -1013
-1186 -1014
-1186 -1015
-1186 -1016
-1186 -1016
-1186 -1016
-1186 -1016
-1186 -1016
