0 0
-1165 -715
-1155 -715
-1149 -715
-1141 -715
-1132 -715
-1124 -715
-1119 -715
-1111 -715
-1102 -715
-1094 -715
-1086 -718
-1080 -720
-1072 -724
-1066 -727
-1062 -731
-1057 -737
-1052 -747
-1047 -756
-1043 -764
-1041 -774
-1041 -786
-1041 -803
-1041 -814
-1044 -823
-1049 -833
-1054 -839
-1059 -845
-1066 -854
-1073 -860
-1080 -864
-1086 -868
-1093 -869
-1100 -871
-1110 -872
-1123 -873
-1138 -874
-1150 -874
-1157 -874
-1168 -874
-1180 -874
-1184 -874
-1188 -875
-1191 -875
-1193 -875
-1193 -875
-1194 -875
-1194 -875
-1195 -875
-1195 -875
