0 0
-1391 -838.0001
-1398 -838.0001
-1404 -836.0001
-1406 -836.0001
-1411 -834.0002
-1418 -833.0001
-1425 -832.0001
-1435 -831.0002
-1445 -831.0002
-1457 -831.0002
-1466 -831.0002
-1472 -831.0002
-1479 -831.0002
-1486 -830.0001
-1494 -830.0001
-1503 -830.0001
-1507 -830.0001
-1514 -830.0001
-1523 -830.0001
-1529 -830.0001
-1534 -830.0001
-1538 -830.0001
-1545 -830.0001
-1552 -830.0001
-1557 -832.0001
-1561 -834.0002
-1565 -836.0001
-1568 -838.0001
-1570 -840.0002
-1571 -841.0001
-1573 -844.0001
-1574 -845.0001
-1576 -849.0002
-1581 -855.0002
-1584 -863.0001
-1588 -874.0001
-1591 -885.0002
-1595 -898.0001
-1596 -904.0001
-1598 -911.0001
-1600 -918.0001
-1601 -925.0001
-1603 -935.0001
-1605 -947.0001
-1608 -957.0001
-1610 -967.0001
-1612 -977.0001
-1614 -988.0001
-1615 -994.0001
-1615 -1003
-1617 -1007
-1618 -1011
-1618 -1016
-1618 -1025
-1618 -1035
-1618 -1042
-1618 -1049
-1618 -1059
-1617 -1069
-1611 -1079
-1603 -1090
-1589 -1102
-1576 -1109
-1566 -1115
-1556 -1120
-1547 -1124
-1540 -1126
-1533 -1127
-1527 -1130
-1523 -1130
-1516 -1132
-1508 -1132
-1498 -1132
-1492 -1132
-1484 -1132
-1473 -1130
-1461 -1125
-1445 -1119
-1427 -1113
-1416 -1107
-1407 -1101
-1398 -1095
-1394 -1092
-1391 -1090
-1388 -1088
-1385 -1088
-1382 -1086
-1379 -1085
-1377 -1084
-1374 -1084
0 0
-1611 -634
-1613 -629
-1618 -627
-1623 -625
-1626 -624
-1629 -621
-1636 -621
-1645 -621
-1650 -621
-1655 -621
-1656 -622
-1660 -624
-1664 -627
-1667 -630
-1671 -634
-1676 -638
-1681 -643
-1684 -646
-1688 -651
-1691 -657
-1694 -668
-1696 -674
-1697 -681
-1697 -686
-1697 -690
-1697 -695
-1697 -700
-1696 -707
-1693 -714
-1689 -721
-1686 -726
-1682 -731
-1676 -735
-1670 -737
-1664 -737
-1660 -737
-1656 -738
-1654 -740
-1648 -741
-1640 -741
-1632 -741
-1628 -741
-1625 -741
-1623 -741
-1621 -741
-1618 -741
-1613 -737
-1608 -734
-1605 -731
-1602 -728
-1602 -727
-1601 -727
