1531.995 1090.992
1531.995 1088.4
1531.995 1078.03
1513.839 1048.218
1485.309 1002.85
1477.528 916.0049
1430.842 807.1238
1402.311 726.7593
1401.015 722.8708
1397.124 739.7214
1397.124 742.3138
1458.075 857.6758
1489.199 866.7492
1542.37 871.9339
1598.133 875.8226
1643.523 871.9339
1665.569 871.9339
1668.163 871.9339
1662.975 874.5264
1546.26 1084.511
1577.384 1076.734
1600.727 1071.549
1605.915 1066.365
1617.586 1036.552
1629.258 976.9265
1631.851 916.0049
1643.523 866.7492
1653.897 821.3821
1666.866 778.6074
1668.163 761.7568
1669.459 755.2757
1670.756 753.9797
1672.053 752.6834
1673.35 748.7947
1681.131 737.1289
1691.506 720.2783
1696.693 713.7974
1525.511 1084.511
1528.104 1084.511
1544.963 1065.068
1586.462 1006.739
1605.915 931.5593
1618.883 899.1543
1633.148 862.8606
1650.007 829.1594
1661.678 795.458
1668.163 760.4606
1678.537 731.9442
1688.912 708.6125
1696.693 695.6506
1699.287 693.0581
1468.45 842.1213
1481.418 844.7137
1526.808 851.1948
1576.087 856.3796
1594.243 851.1948
1595.54 842.1213
1452.888 861.5645
1452.888 862.8606
1438.623 856.3796
1508.652 865.4529
1578.681 871.9339
1613.696 864.1569
1613.696 856.3796
1613.696 852.491
1614.992 851.1948
1614.992 849.8986
1921.046 857.6758
1917.155 865.4529
1847.126 823.9744
1805.627 702.1315
1844.532 717.6859
1901.593 778.6074
1935.311 829.1594
1932.717 833.048
1906.78 807.1238
1879.547 742.3138
1892.515 696.9466
1917.155 695.6506
1909.374 840.8252
1893.812 840.8252
1869.172 831.7518
1836.751 808.4201
1840.642 709.9087
1927.53 801.9391
1927.53 825.2707
1931.42 820.0859
1921.046 788.9771
1909.374 756.572
1909.374 735.8328
1918.452 729.3517
1931.42 729.3517
1954.763 735.8328
1913.265 835.6403
1911.968 836.9365
1910.671 840.8252
1909.374 844.7137
1906.78 849.8986
1896.406 853.7873
1884.734 848.6024
1874.359 844.7137
1861.391 838.2327
1851.016 830.4556
1847.126 820.0859
1834.157 791.5695
1828.97 770.8303
1828.97 755.2757
1831.564 734.5364
1834.157 722.8708
1841.939 715.0935
1854.907 711.2049
1871.766 718.9821
1887.328 743.61
1900.296 765.6453
1910.671 798.0505
1918.452 818.7897
1928.827 849.8986
1919.749 822.6784
1904.187 783.7922
1897.703 753.9797
1897.703 725.4631
1901.593 711.2049
1909.374 708.6125
1913.265 712.5012
1918.452 718.9821
1919.749 722.8708
1921.046 725.4631
1922.343 729.3517
1923.639 731.9442
1923.639 733.2404
1923.639 734.5364
1439.92 847.3062
1447.701 848.6024
1491.793 853.7873
1533.292 855.0833
1574.791 855.0833
1591.649 852.491
1626.664 846.0099
1640.929 844.7137
1642.226 844.7137
1445.107 855.0833
1450.294 855.0833
1474.934 853.7873
1537.182 849.8986
1589.056 848.6024
1616.289 847.3062
1621.477 846.0099
1627.961 846.0099
1631.851 846.0099
1633.148 846.0099
1451.591 842.1213
1452.888 838.2327
1454.185 831.7518
1461.966 821.3821
1482.715 826.5669
1515.136 834.3441
1555.338 840.8252
1589.056 840.8252
1604.618 838.2327
1625.367 839.529
1631.851 843.4177
1637.039 843.4177
1634.445 843.4177
1629.258 843.4177
1629.258 842.1213
1629.258 839.529
1629.258 840.8252
1420.467 855.0833
1416.577 858.972
1415.28 860.2682
1416.577 860.2682
1446.404 865.4529
1486.606 877.1188
1528.104 882.3035
1539.776 881.0075
1559.228 874.5264
1591.649 866.7492
1607.211 866.7492
1618.883 866.7492
1627.961 866.7492
1630.554 866.7492
1633.148 866.7492
1633.148 865.4529
1635.742 865.4529
1637.039 865.4529
1638.335 864.1569
1639.632 864.1569
1642.226 862.8606
1548.854 1129.878
1546.26 1125.99
1531.995 1081.919
1502.168 1009.332
1484.012 958.7796
1474.934 932.8557
1460.669 899.1543
1448.998 871.9339
1438.623 855.0833
1428.248 829.1594
1423.061 813.6048
1413.983 778.6074
1406.202 759.1644
1398.421 737.1289
1388.046 720.2783
1378.968 709.9087
1377.672 704.7239
1376.375 700.8353
1376.375 699.5391
1517.73 1111.731
1521.62 1098.77
1541.073 1063.772
1568.306 1019.701
1585.165 984.7036
1599.43 953.5947
1611.102 926.3745
1621.477 901.7468
1633.148 874.5264
1638.335 858.972
1646.117 827.8631
1655.194 790.2733
1668.163 755.2757
1678.537 733.2404
1678.537 716.3898
1679.834 712.5012
1686.318 711.2049
1687.615 712.5012
1686.318 712.5012
1690.209 717.6859
