0.2872509
0.2957377
0.4962784
0.5470764
0.7295761
0.7827544
1.004064
1.110165
1.231993
1.088772
1.123794
0.5640783
0.8177835
1.1505
1.405992
1.444778
1.303604
1.302131
1.062235
0.7582697
1.034468
1.202507
1.45606
1.687628
1.90453
2.131835
2.134739
2.167472
2.270057
2.311849
2.29362
1.992188
2.042773
2.132095
2.225342
2.296262
2.225703
0.728048
1.291842
2.170433
2.719615
2.714297
2.611695
2.47709
2.541775
2.571942
2.617217
2.618858
2.595427
2.576933
2.478133
0.4433666
0.9680583
1.228342
1.402029
1.370218
0.7919676
0.3283517
0.5699163
0.8110937
1.824462
1.838667
1.52377
1.390543
1.336313
1.469183
1.203113
0.4506854
0.4576079
0.8549188
1.17558
1.14138
0.8309268
0.6170233
0.7465969
0.9105343
1.581242
1.683877
1.698897
0.3922263
0.6319789
0.8254356
0.9767052
1.273237
0.9591939
0.9931461
1.195839
1.505629
1.757619
1.958204
1.99656
1.943665
1.574865
0.2726655
0.4418475
0.7470616
1.028542
1.061472
1.125474
1.242456
1.375673
1.579392
1.73994
1.7394
1.87027
2.097551
2.076562
2.209997
2.233785
2.192486
2.183668
2.127414
2.016283
1.914039
1.916412
1.715244
1.569827
2.17141
2.43144
2.695523
2.72649
2.651845
2.538403
2.511945
2.428618
2.366654
2.367803
2.427122
2.427745
2.407411
2.355005
0.136853
1.028642
1.345252
1.540825
1.539078
1.556141
1.619777
1.557204
1.743028
0.3112142
0.4434133
0.6377209
0.9307686
0.877695
0.9743097
1.006122
1.018002
0.9748095
0.956752
0.5708958
1.012308
1.341492
1.641466
2.066627
2.150278
2.324041
2.237096
2.155276
2.009774
2.131727
2.047694
1.9182
2.052086
1.580972
1.565144
1.994982
0.6114646
1.628621
2.411168
2.842471
3.478742
3.855065
4.166667
3.958596
3.732185
3.678753
3.777268
3.5949
3.545199
3.506385
3.419487
3.456839
3.490484
3.516893
3.519734
3.516891
3.566699
0.5972562
1.368639
1.611509
1.774233
1.971134
1.981252
1.893649
1.960158
2.150144
2.387269
2.50844
2.387422
2.134292
2.239366
2.182993
2.194744
2.251051
2.222695
2.334659
0.6278792
1.423867
1.862872
1.803529
2.014873
2.020026
2.032957
2.112427
2.082833
2.09122
2.071458
2.053979
2.047354
1.922002
2.680567
2.192882
1.478133
1.849413
2.696684
1.1731
