1592.946 1132.471
1592.946 1133.767
1589.056 1094.881
1582.572 1026.182
1582.572 961.3719
1579.978 905.6353
1572.197 856.3796
1568.306 823.9744
1568.306 812.3088
1608.508 1127.286
1620.18 1127.286
1637.039 1127.286
1652.601 1128.582
1686.318 1129.878
1735.598 1128.582
1760.238 1115.62
1769.316 1089.696
1762.832 1057.291
1747.27 1019.701
1726.52 992.4808
1701.88 970.4455
1681.131 962.6682
1651.304 957.4834
1629.258 954.8909
1609.805 952.2986
1592.946 952.2986
1587.759 954.8909
1585.165 954.8909
1583.868 956.1872
1582.572 956.1872
1582.572 957.4834
1592.946 975.6302
1621.477 971.7415
1699.287 967.853
1743.379 948.41
1756.347 935.4479
1760.238 928.967
1762.832 921.1897
1765.425 912.1164
1766.722 900.4505
1766.722 890.0809
1766.722 886.1922
1766.722 884.896
1765.425 884.896
1591.649 1132.471
1590.353 1137.656
1591.649 1137.656
1644.82 1124.694
1710.958 1122.101
1743.379 1111.731
1755.051 1101.362
1756.347 1074.142
1748.566 1045.625
1740.785 1022.293
1723.927 998.9619
1707.068 984.7036
1690.209 979.5189
1669.459 975.6302
1647.413 971.7415
1622.773 969.1492
1598.133 967.853
1596.837 967.853
1595.54 966.5568
1589.056 976.9265
1591.649 976.9265
1625.367 976.9265
1697.99 973.0378
1705.771 971.7415
1710.958 970.4455
1712.255 969.1492
1707.068 962.6682
1612.399 1115.62
1681.131 1115.62
1718.739 1111.731
1736.895 1100.066
1751.16 1074.142
1753.754 1049.514
1739.489 1023.59
1718.739 1000.258
1705.771 989.8884
1682.428 979.5189
1662.975 973.0378
1650.007 969.1492
1637.039 967.853
1626.664 969.1492
1607.211 969.1492
1594.243 969.1492
1592.946 969.1492
1590.353 969.1492
1587.759 969.1492
1586.462 970.4455
1586.462 971.7415
1586.462 973.0378
1587.759 973.0378
1581.275 1133.767
1581.275 1138.952
1596.837 1145.433
1635.742 1146.729
1695.396 1144.136
1713.552 1140.248
1727.817 1129.878
1738.192 1119.509
1743.379 1107.843
1745.973 1089.696
1743.379 1070.253
1734.301 1046.921
1716.146 1024.886
1695.396 1009.332
1673.35 998.9619
1657.788 991.1848
1642.226 982.1111
1622.773 975.6302
1596.837 967.853
1590.353 963.9644
1582.572 960.0759
1577.384 958.7796
1573.494 957.4834
1568.306 956.1872
1567.01 956.1872
1590.353 958.7796
1595.54 960.0759
1625.367 965.2606
1677.24 966.5568
1705.771 967.853
1749.863 952.2986
1760.238 923.782
1758.941 892.6732
1751.16 866.7492
1740.785 848.6024
1729.114 833.048
1714.849 821.3821
1692.803 818.7897
1668.163 805.8276
1647.413 792.8655
1627.961 788.9771
1598.133 788.9771
1574.791 782.4961
1568.306 781.1999
1561.822 779.9036
1555.338 778.6074
1552.744 778.6074
1551.447 778.6074
1550.151 778.6074
1576.087 958.7796
1581.275 956.1872
1592.946 956.1872
1613.696 957.4834
1648.71 957.4834
1673.35 953.5947
1688.912 951.0023
1707.068 952.2986
1717.442 949.7062
1727.817 947.1138
1740.785 940.6326
1752.457 930.2632
1761.535 913.4124
1766.722 883.5999
1766.722 865.4529
1761.535 835.6403
1748.566 816.1973
1735.598 807.1238
1720.036 804.5315
1701.88 799.3467
1678.537 798.0505
1656.491 799.3467
1638.335 799.3467
1617.586 798.0505
1604.618 796.7542
1591.649 798.0505
1578.681 809.7163
1568.306 820.0859
1560.525 825.2707
1555.338 827.8631
1554.041 829.1594
1551.447 829.1594
1550.151 829.1594
1966.435 1131.175
1975.513 1136.359
1980.7 1137.656
1983.294 1128.582
1976.809 1070.253
1972.919 1023.59
1970.325 982.1111
1975.513 938.0403
1979.403 891.3771
1980.7 858.972
1980.7 851.1948
1971.622 836.9365
1963.841 822.6784
1965.138 826.5669
1969.029 834.3441
1981.997 966.5568
1980.7 969.1492
1988.481 978.2227
2024.792 996.3694
2055.917 997.6657
2084.447 987.2961
2102.603 973.0378
2110.384 961.3719
2118.165 935.4479
2122.055 910.8201
2124.649 886.1922
2120.758 857.6758
2107.79 833.048
2093.525 813.6048
2074.072 796.7542
2052.026 786.3846
2032.573 773.4226
2022.199 766.9416
2015.715 764.3493
2002.746 760.4606
1997.559 759.1644
1994.965 759.1644
1989.778 759.1644
1985.887 759.1644
1983.294 761.7568
1979.403 766.9416
1976.809 769.534
1975.513 772.1265
1974.216 774.7189
1972.919 776.015
1971.622 779.9036
1971.622 781.1999
1971.622 785.0886
1971.622 790.2733
1972.919 795.458
1972.919 798.0505
1972.919 801.9391
1972.919 804.5315
1972.919 805.8276
1972.919 807.1238
1972.919 813.6048
1972.919 816.1973
1972.919 818.7897
1975.513 969.1492
1970.325 975.6302
1998.856 993.777
2039.058 996.3694
2061.104 991.1848
2072.775 982.1111
2083.15 974.334
2092.228 965.2606
2098.712 954.8909
2106.493 935.4479
2109.087 909.5239
2106.493 882.3035
2102.603 856.3796
2093.525 834.3441
2081.853 814.9011
2063.698 791.5695
2036.464 773.4226
2022.199 766.9416
2004.043 766.9416
1992.371 768.2378
1987.184 772.1265
1980.7 778.6074
1974.216 792.8655
1970.325 799.3467
1967.732 801.9391
1966.435 807.1238
1966.435 811.0125
1966.435 817.4935
1966.435 823.9744
1966.435 826.5669
1966.435 829.1594
1967.732 835.6403
1967.732 836.9365
1967.732 838.2327
1969.029 840.8252
1975.513 840.8252
