0.4802333
0.7369834
0.9482389
1.200604
1.109745
1.215447
1.348331
1.432718
1.422815
0.2832561
0.4735016
0.5666124
0.5733202
0.5693474
0.570275
0.5364702
0.5394953
0.7036572
0.8383194
0.9750604
1.161736
1.195209
1.179641
1.166752
1.170496
1.235626
1.226186
1.233699
1.164342
1.129472
1.129794
0.2808075
0.8318424
1.262092
1.344677
1.435169
1.447319
1.401375
1.383077
1.357028
1.29756
1.198173
1.110376
0.8944646
0.1573193
0.2958678
0.5574024
1.377772
1.517523
1.505555
1.466904
1.53174
1.66162
1.699352
1.720545
1.756806
1.760178
1.772314
1.725952
1.682132
1.63325
1.668508
1.650244
0.3715582
0.5577905
0.9383039
1.536026
1.550764
1.534003
1.523306
0.7116367
1.399492
1.830381
1.865149
1.801027
1.727371
1.711182
1.750106
1.759736
1.812148
1.780252
1.719889
1.619749
1.637336
1.583499
1.502501
1.339194
1.374706
1.431857
1.505798
1.569282
1.547341
1.459665
0.7075991
0.6269875
1.46335
1.815117
2.5745
2.8002
2.626132
2.488049
2.501003
2.522443
2.648348
2.713512
2.825046
2.910594
2.830012
2.84683
2.868929
2.884754
2.886497
2.976971
3.078343
3.151469
3.154281
3.073063
2.947456
2.697776
0.8571607
1.354071
2.419771
2.951871
2.913507
2.785069
2.966558
2.93064
2.94707
2.952275
2.849882
2.867459
2.794877
2.587674
2.709999
3.347496
3.410286
3.390454
3.053891
2.943732
2.90574
2.770616
2.747474
2.560848
0.7251583
0.8750317
1.079548
1.170097
1.205464
1.34455
1.477463
1.437915
1.427904
1.595496
1.602554
1.583571
1.649501
1.692514
1.68965
1.834757
1.903891
1.957389
1.987379
1.977707
2.091071
2.255866
2.291162
2.389211
2.640034
2.733942
2.735451
2.761361
2.814824
2.711116
2.599512
2.515574
2.512735
0.3477584
0.6888667
1.093508
1.370867
1.62052
1.760008
1.88144
1.841119
1.743282
1.748061
1.740825
1.714967
1.675849
1.826444
1.481994
0.5440624
1.291997
1.794442
2.461679
2.451773
2.575047
2.082548
2.124402
2.146021
2.30206
2.356861
2.557075
2.695218
3.204928
3.551301
3.704071
3.91498
4.166667
4.166667
3.515148
3.00024
2.984031
3.013423
3.034844
3.079477
3.109833
3.180968
3.283045
3.246513
3.281303
3.13615
3.082439
3.009588
2.916862
2.912814
2.916672
2.82721
2.824685
2.813556
2.375159
2.112744
2.220623
2.061193
0.3333333
1.448236
2.324813
2.280101
2.377553
2.381389
1.99856
2.067718
2.217132
2.317249
2.388164
2.41672
2.69795
2.788341
2.716538
2.764522
3.124411
3.293696
4.105423
4.094647
3.979297
3.732965
3.593377
3.811923
3.796433
3.491004
3.421404
3.369682
3.298718
3.249722
3.070017
2.918984
3.062787
2.936356
2.914236
1.242899
