1179.256 1430.597
-11.67163 -22.0354
-23.34314 -41.47852
-35.01465 -67.40247
-88.18481 -172.3949
-110.2311 -219.0582
-129.6836 -260.5367
-143.9487 -304.6075
-160.8077 -356.4557
-181.5571 -410.8963
-197.119 -460.1518
-210.0874 -505.519
-225.6494 -559.9594
-233.4304 -609.2151
1372.484 703.4277
0 1.296143
0 3.888489
15.56213 31.1087
40.2019 72.58722
57.06091 111.4734
70.02917 138.6936
81.70068 160.7292
89.48169 181.4683
95.96594 203.5037
103.7469 224.243
108.9342 242.3898
116.7152 259.2405
124.4961 282.5721
129.6836 296.8303
136.1678 314.9772
140.0582 329.2354
143.9486 347.3823
146.5424 353.8633
147.8392 356.4556
149.1361 357.7517
150.433 360.3442
150.433 360.3442
150.433 360.3442
150.433 360.3442
150.433 360.3442
150.433 360.3442
1539.776 1101.362
-2.59375 -5.184814
-7.781006 -19.44312
-15.56189 -38.88599
-35.01453 -79.06836
-59.65442 -130.9163
-81.70068 -177.5798
-103.7467 -222.9468
-116.7152 -252.7595
-128.3867 -274.7949
-140.0582 -298.1266
-153.0265 -318.8657
-162.1044 -337.0125
-167.2917 -347.3821
-169.8853 -357.7518
-171.1821 -374.6025
-172.479 -378.491
-172.479 -381.0835
-173.7759 -386.2683
-175.0728 -388.8607
-176.3696 -391.4531
-176.3696 -391.4531
-176.3696 -391.4531
-176.3696 -391.4531
1573.494 1046.921
0 -2.592529
2.593628 -9.073486
5.187256 -18.14673
14.26514 -38.88605
36.3114 -84.25317
49.27979 -108.881
59.65442 -134.805
68.7323 -164.6179
77.81018 -197.0228
88.18481 -225.5392
99.85632 -246.2785
107.6373 -263.1292
124.4962 -295.5342
127.0898 -304.6076
132.2773 -316.2734
133.574 -320.1621
137.4646 -325.3469
138.7615 -329.2355
138.7615 -330.5316
140.0581 -333.124
140.0581 -334.4202
141.355 -335.7165
141.355 -337.0127
141.355 -337.0127
141.355 -337.0127
141.355 -337.0127
141.355 -337.0127
1534.589 1107.843
-5.187378 -11.66602
-16.85901 -32.40527
-44.09253 -97.21533
-64.84192 -155.5444
-82.99756 -211.2812
-101.1532 -265.7217
-112.8247 -299.4229
-121.9026 -326.6431
-132.2772 -346.0862
-145.2455 -366.8254
-154.3235 -387.5647
-160.8076 -400.5268
-160.8076 -405.7115
-160.8076 -405.7115
-160.8076 -405.7115
-160.8076 -405.7115
-160.8076 -405.7115
-160.8076 -405.7115
-160.8076 -405.7115
-160.8076 -405.7115
-160.8076 -405.7115
-160.8076 -405.7115
-160.8076 -405.7115
-160.8076 -405.7115
1585.165 1009.332
0 1.296143
0 1.296143
1.296753 -2.592468
6.484009 -19.44312
15.56189 -41.47852
36.31128 -79.06836
47.98279 -104.9925
62.24792 -142.5823
72.62268 -173.6912
84.29419 -200.9114
93.37207 -222.947
99.85632 -238.5013
106.3405 -255.3519
114.1213 -277.3874
116.7151 -283.8684
119.3088 -291.6457
119.3088 -291.6457
120.6057 -292.9417
120.6057 -295.5342
121.9023 -296.8304
121.9023 -296.8304
121.9023 -296.8304
121.9023 -296.8304
121.9023 -296.8304
1831.564 293.8276
1520.323 1116.916
-1.296875 -6.480957
-53.17017 -151.6557
-95.96582 -254.0557
-116.7152 -309.7924
-142.6519 -353.8632
-155.6202 -386.2683
-159.5107 -395.3417
-159.5107 -395.3417
-159.5107 -395.3417
-159.5107 -395.3417
-159.5107 -395.3417
-159.5107 -395.3417
-159.5107 -395.3417
-159.5107 -396.6379
-160.8076 -399.2304
-162.1044 -400.5264
-162.1044 -401.8228
-162.1044 -401.8228
-162.1044 -401.8228
1559.228 1085.807
0 -2.592285
11.67163 -36.2937
31.12415 -103.6962
49.27979 -154.248
71.32605 -187.9493
85.59131 -209.9848
99.85632 -237.205
133.5742 -314.9771
146.5426 -346.086
154.3234 -364.2328
156.9171 -369.4175
159.5109 -378.4911
163.4014 -386.2683
163.4014 -386.2683
163.4014 -386.2683
163.4014 -386.2683
163.4014 -386.2683
163.4014 -386.2683
163.4014 -386.2683
163.4014 -386.2683
163.4014 -386.2683
163.4014 -386.2683
1526.808 1111.731
-1.296875 0
-38.90503 -79.06836
-82.99756 -209.9847
-107.6375 -282.5721
-128.3868 -327.9392
-147.8394 -360.3442
-156.917 -382.3797
-163.4014 -397.9341
-168.5886 -408.3037
-168.5886 -412.1924
-168.5886 -412.1924
-168.5886 -412.1924
-168.5886 -412.1924
-168.5886 -412.1924
-168.5886 -412.1924
-168.5886 -412.1924
-168.5886 -412.1924
-168.5886 -412.1924
-168.5886 -412.1924
1586.462 1024.886
-1.296753 -7.777283
1.296753 -42.77484
20.74939 -132.2128
46.68604 -193.1342
64.8418 -224.2431
103.7468 -274.795
111.5278 -298.1267
120.6056 -317.5698
121.9025 -320.1621
121.9025 -320.1621
121.9025 -320.1621
121.9025 -320.1621
121.9025 -320.1621
121.9025 -320.1621
121.9025 -320.1621
121.9025 -320.1621
1513.839 1113.028
-1.296875 1.296387
-1.296875 1.296387
15.56201 -25.92383
40.2019 -62.21753
75.21643 -115.3619
90.77856 -150.3594
103.7468 -178.8759
116.7152 -208.6885
128.3867 -234.6125
142.6519 -259.2403
158.214 -291.6454
165.9949 -307.2
173.7759 -326.643
176.3696 -340.9011
184.1506 -368.1215
191.9318 -388.8608
198.4159 -405.7114
199.7125 -405.7114
199.7125 -405.7114
199.7125 -405.7114
199.7125 -405.7114
199.7125 -405.7114
199.7125 -405.7114
199.7125 -405.7114
199.7125 -405.7114
199.7125 -405.7114
199.7125 -405.7114
1393.234 840.8252
36.31152 0
63.54504 2.592468
99.85632 9.073425
125.793 14.25812
142.652 15.55438
156.9171 14.25812
173.776 11.66577
193.2285 11.66577
213.9779 9.073425
236.024 7.777161
251.5862 5.184753
261.9607 3.888489
271.0387 2.592468
281.4132 0
290.4912 -2.592468
290.4912 -3.888672
290.4912 -3.888672
290.4912 -3.888672
290.4912 -3.888672
290.4912 -3.888672
290.4912 -3.888672
290.4912 -3.888672
290.4912 -3.888672
1408.796 847.3062
37.60815 -2.592468
90.77832 -1.296204
111.5277 -1.296204
129.6833 0
155.6202 1.296204
171.1821 2.592468
186.7441 5.184814
203.603 6.48114
217.8683 7.777161
236.024 9.073425
251.5859 10.36963
263.2576 11.66583
269.7417 12.9621
272.3353 12.9621
273.6322 12.9621
273.6322 12.9621
273.6322 12.9621
273.6322 12.9621
273.6322 12.9621
273.6322 12.9621
273.6322 12.9621
273.6322 12.9621
273.6322 12.9621
273.6322 12.9621
273.6322 12.9621
1398.421 862.8606
-1.296753 0
1.296875 0
15.56213 -2.592346
49.27991 -6.481018
80.40381 -10.36963
97.26282 -10.36963
115.4185 -10.36963
133.5741 -10.36963
153.0266 -10.36963
175.0729 -10.36963
199.7126 -10.36963
219.1653 -7.777283
234.7273 -5.184814
242.5083 -3.888611
248.9924 -2.592346
254.1799 -2.592346
258.0703 -2.592346
263.2577 -2.592346
267.1483 -2.592346
271.0387 -2.592346
272.3356 -2.592346
272.3356 -2.592346
272.3356 -2.592346
273.6324 -2.592346
273.6324 -2.592346
273.6324 -2.592346
274.9292 -3.888611
274.9292 -5.184814
1917.155 840.8252
0 3.888489
-3.890503 7.777161
-16.85876 14.25812
-35.0144 14.25812
-50.57654 7.777161
-72.6228 -10.36963
-86.88794 -32.40509
-93.37207 -59.62531
-95.9657 -80.36456
-95.9657 -93.32666
-94.66895 -107.5848
-89.48169 -117.9544
-82.99756 -124.4354
-75.21643 -127.0278
-67.43542 -127.0278
-58.35754 -123.1393
-50.57654 -114.0659
-44.09241 -103.6963
-36.31128 -94.62286
-29.82715 -77.77216
-22.04626 -60.92157
-16.85876 -45.36719
-12.96838 -28.51642
-7.781006 -12.9621
-2.593628 0
-2.593628 0
-6.484253 -24.62793
-9.077759 -45.36719
-11.67151 -66.10626
-16.85876 -93.32666
-16.85876 -112.7697
-18.15564 -121.8431
-11.67151 -124.4354
-2.593628 -116.6584
5.1875 -106.2888
11.67163 -98.51141
19.45251 -90.73419
22.04626 -89.43799
23.34314 -86.84552
23.34314 -85.5495
24.64001 -85.5495
24.64001 -85.5495
24.64001 -85.5495
24.64001 -85.5495
24.64001 -85.5495
