0.4004551
0.3415845
0.3959909
0.4659484
0.5604134
0.539139
0.5281382
0.4825298
0.4596466
0.4703099
0.4601096
0.4879262
0.5633609
0.4808944
0.3833333
0.8325917
1.22195
1.624194
1.971011
1.861397
1.854662
1.746032
1.683152
1.672556
1.583109
1.505981
1.431526
1.302649
1.24577
1.118604
1.037172
1.108506
1.037763
0.9147066
0.8058565
0.7656657
0.7754796
0.7838405
0.7889754
0.8055972
0.6200263
0.6020916
0.8846501
1.2117
1.457883
1.788812
2.006535
2.220401
2.167596
2.189172
2.154972
2.199902
2.173764
1.997892
1.939647
1.783963
1.720628
1.765239
1.805079
1.825271
1.847992
1.852385
1.838665
1.584828
0.8551164
0.5477499
0.7048
0.9336172
1.255408
1.366234
1.500103
1.502861
1.492951
1.495367
1.515291
1.552724
1.55069
1.541993
1.461206
1.490989
1.514776
1.46697
1.415591
1.4276
1.425668
1.423315
1.437337
1.479351
1.487436
1.458069
1.449531
1.393831
1.233738
0.4855802
1.210142
1.504617
1.901172
2.108606
2.119376
2.170547
2.080637
2.08912
2.027653
2.00134
1.956697
1.884292
1.835481
1.802334
1.708677
1.701216
1.708769
1.695263
1.644127
1.532832
1.507522
1.528854
1.536144
1.335295
0.3396885
0.3866491
0.6592197
0.8999254
1.177248
1.274752
1.293396
1.253256
1.193246
1.169733
1.185549
1.194976
1.170141
1.168409
1.049981
0.991665
1.084957
1.087269
1.095134
1.105252
1.108066
1.108854
1.086998
1.075395
1.009336
0.6104439
0.508693
0.6423109
1.056424
1.171692
1.11034
1.114397
1.081451
1.097813
0.4270124
0.8068129
0.9629668
0.9589784
0.9746553
0.9977351
1.017228
1.082515
1.113607
1.021566
0.8613207
0.7089498
0.2586364
0.3952241
0.6658461
0.7331277
0.8692523
0.7951733
0.8585227
0.8929242
0.905804
0.8771126
0.7704411
0.7672654
0.7975236
0.8025101
0.7723357
0.7557649
0.8058853
0.8223289
0.820734
0.8718463
0.9225029
0.9623607
0.7149857
0.4500151
0.6310701
0.9834471
1.160949
1.175827
1.173265
1.229422
1.231236
1.282214
1.258408
1.190756
1.199949
1.212422
1.239197
1.322919
1.372337
1.289752
1.265752
1.196199
0.8790316
0.4213791
0.902675
1.296383
1.514779
1.345022
1.221943
0.964693
0.995203
0.9827538
0.9613833
0.8835837
0.8915341
0.8522054
0.8350903
0.8852527
0.939473
0.9136735
0.3527691
0.731575
0.9222938
1.459196
1.543785
1.715827
1.721924
1.782877
1.873168
1.893335
1.911472
1.905094
1.916644
2.165731
2.230957
2.422842
2.554409
2.592452
2.615479
2.570607
2.56152
2.531427
2.561313
2.581158
2.552161
2.363903
2.057272
1.344673
0.5784833
1.906575
2.175148
2.438024
2.308249
2.227717
2.289465
2.321355
2.364274
2.360133
2.376528
2.30233
2.224314
2.1968
2.034773
2.102136
2.101993
2.089849
2.04206
2.031333
2.062106
2.098029
2.158641
1.60015
0.6305833
2.229373
2.492251
2.399549
2.252103
2.134815
2.125861
2.08471
2.022589
2.041438
2.014553
2.020221
1.973783
1.955527
1.89474
1.8981
1.919271
1.916553
1.911722
1.966475
1.943196
1.92175
1.91349
1.946978
1.979936
1.733587
0.4357833
0.7435083
0.9707638
1.543875
1.742337
1.800383
1.79007
1.814406
1.735665
1.676748
1.630758
1.4915
1.349367
1.125384
1.097018
1.076362
1.003727
0.9625502
0.9902251
0.9390221
0.9136892
0.8929452
0.926425
0.9937038
0.9921977
0.9851167
0.9216169
0.8535898
0.6479767
0.659125
0.9912
1.192017
1.404692
1.528435
1.639848
1.70365
1.71866
1.556446
1.520816
1.461678
1.488708
1.500758
1.456463
1.417082
1.497918
1.514518
1.729107
1.720929
1.654189
1.633177
1.598009
1.614433
1.545967
1.09187
0.9794977
1.199389
1.645516
1.715406
1.754538
1.751566
1.601377
1.392794
1.442681
1.430305
1.358064
1.361072
1.261065
1.327142
1.325077
1.306713
1.321467
1.316773
1.257491
1.219438
1.165684
