1963.841 283.458
1567.01 1144.136
1.296753 -6.480957
1.296753 -60.92139
6.484131 -191.8379
5.187256 -317.5696
6.484131 -340.9013
7.781006 -353.8632
7.781006 -369.4175
7.781006 -378.4911
9.077759 -381.0834
9.077759 -381.0834
9.077759 -381.0834
9.077759 -381.0834
9.077759 -381.0834
9.077759 -381.0834
9.077759 -381.0834
9.077759 -381.0834
9.077759 -381.0834
1561.822 1157.099
0 -14.2583
0 -31.10889
1.296875 -58.3291
7.781006 -146.4709
10.37463 -327.9393
10.37463 -366.8254
10.37463 -381.0837
11.67151 -388.8608
12.96838 -392.7493
12.96838 -392.7493
12.96838 -392.7493
12.96838 -392.7493
12.96838 -392.7493
12.96838 -392.7493
12.96838 -392.7493
12.96838 -392.7493
12.96838 -392.7493
12.96838 -392.7493
1567.01 1135.063
0 1.296143
0 -3.888672
7.781006 -108.8811
9.077759 -156.8406
10.37451 -241.0938
11.67139 -274.795
11.67139 -298.1267
11.67139 -313.6811
11.67139 -327.9394
11.67139 -335.7166
11.67139 -340.9014
11.67139 -343.4937
11.67139 -343.4937
11.67139 -343.4937
11.67139 -343.4937
11.67139 -343.4937
11.67139 -343.4937
12.96826 -343.4937
12.96826 -349.9747
12.96826 -356.4558
12.96826 -360.3443
12.96826 -361.6406
12.96826 -361.6406
12.96826 -361.6406
12.96826 -361.6406
12.96826 -361.6406
12.96826 -361.6406
1576.087 1137.656
36.3114 2.592285
63.54492 -1.296143
73.91968 -1.296143
77.81018 -1.296143
81.70068 -2.592285
85.59119 -2.592285
89.48181 -2.592285
93.37219 -3.888672
97.2627 -3.888672
98.55945 -3.888672
98.55945 -3.888672
94.66907 -3.888672
1569.603 1119.509
45.38916 5.184814
72.6228 1.296143
81.70068 3.888428
92.07532 5.184814
103.7468 7.7771
110.231 7.7771
134.871 -1.296387
149.1361 -12.96216
156.917 -19.44312
164.698 -33.70142
171.1823 -51.84814
173.776 -75.17993
164.698 -103.6963
150.4329 -116.6584
132.2772 -123.1393
114.1216 -129.6204
92.07532 -134.8052
72.6228 -137.3976
53.17029 -137.3976
31.12402 -137.3976
16.85889 -138.6937
7.780884 -141.2861
7.780884 -141.2861
7.780884 -141.2861
7.780884 -141.2861
7.780884 -141.2861
7.780884 -141.2861
7.780884 -141.2861
7.780884 -141.2861
7.780884 -141.2861
1591.649 974.334
1.296875 0
12.96851 2.592468
67.43542 7.777161
98.55957 7.777161
118.0121 -3.888489
133.5742 -11.66577
171.1824 -49.25568
177.6665 -79.06836
176.3696 -103.6961
169.8855 -125.7316
158.214 -145.1746
147.8394 -156.8405
136.1677 -168.5063
110.2311 -180.1721
81.70068 -190.5417
46.68604 -194.4304
6.484131 -193.1341
-11.67151 -193.1341
-31.12402 -194.4304
-41.49866 -194.4304
-45.38916 -195.7266
-45.38916 -195.7266
-45.38916 -195.7266
-45.38916 -195.7266
-45.38916 -195.7266
-45.38916 -195.7266
-45.38916 -195.7266
-45.38916 -195.7266
1949.576 1145.433
0 1.296143
14.26514 -55.73682
16.85889 -171.0989
12.96826 -255.352
14.26514 -302.0152
14.26514 -339.6052
14.26514 -352.5673
14.26514 -360.3443
14.26514 -373.3064
14.26514 -375.8989
14.26514 -375.8989
14.26514 -375.8989
14.26514 -375.8989
14.26514 -375.8989
14.26514 -375.8989
14.26514 -375.8989
14.26514 -377.1951
1945.685 953.5947
3.890503 2.592468
12.96838 9.073486
38.90503 18.14679
62.24817 28.51642
70.02917 32.40509
73.91968 33.70135
95.96582 44.07098
108.9342 47.95966
120.6058 45.36719
132.2772 34.99756
146.5424 18.14679
151.7299 0
155.6202 -22.0354
156.9171 -42.7746
158.214 -59.62531
155.6202 -79.06836
150.433 -101.1038
145.2455 -115.362
128.3866 -141.2859
111.528 -155.5443
90.77856 -163.3215
63.5448 -169.8025
41.49878 -171.0986
32.4209 -171.0986
23.34314 -168.5062
18.15564 -167.2101
14.26526 -165.9139
6.484131 -163.3215
0 -162.0252
-3.890381 -159.4329
-5.187256 -159.4329
