0.5831731
0.6910333
1.251158
1.947033
2.37658
2.096913
2.060168
1.965868
2.013087
1.772509
1.765156
1.745273
1.850726
1.863438
1.831765
1.822887
1.829417
1.829417
1.517519
0.6927499
1.092162
1.462425
1.865942
2.171555
1.62608
1.489657
1.387392
1.344947
1.256935
1.233787
1.235744
1.239104
1.2054
1.223674
1.19088
1.193769
1.183851
0.8719348
0.2893538
0.7145334
1.269875
2.044679
2.09621
1.719627
1.463148
1.39023
1.271626
1.236255
1.20767
1.169641
1.175678
1.227014
1.375248
1.55333
1.497568
1.561494
1.547386
1.693104
1.73703
1.765502
1.75794
1.74983
1.695865
1.636432
1.575706
1.111171
0.3333333
1.486965
1.639303
1.679177
1.668799
1.667783
1.688534
1.706926
1.722393
1.734193
1.704901
1.480016
0.8086445
0.4965749
1.954281
2.121588
2.129826
2.113228
2.146143
2.016757
2.045943
1.954238
1.926633
1.947758
2.049991
2.159345
2.228997
2.262167
2.561857
2.562782
2.332431
2.243178
2.136055
2.172321
2.137608
2.101232
2.101669
2.087198
2.017762
1.910558
1.892986
1.818572
1.748027
1.355411
0.7474416
1.143883
1.477033
2.452095
2.320634
2.115496
2.089885
1.667575
1.246649
1.448029
1.39665
1.406456
1.57397
1.737812
1.942527
1.880303
2.169565
2.300254
2.150379
1.981734
2.0166
2.004976
1.943537
1.775983
1.582523
1.414203
1.295302
1.248611
0.9819077
0.4547644
0.8756416
1.707967
1.737268
1.543745
1.510485
1.400158
1.359012
1.330669
1.386429
1.438012
1.464656
1.41534
1.382182
1.376573
1.405385
1.354152
0.207275
0.6794999
1.198717
1.528167
2.531842
2.655801
2.576231
2.464278
2.382766
2.297613
2.303578
2.298934
2.217755
2.228805
2.257246
2.193672
2.262135
2.255647
2.205042
2.165379
2.231208
2.381106
2.450623
2.371032
2.292279
2.232972
2.252368
2.282436
2.193601
2.043768
1.984165
1.861292
1.539984
