1218 977.0001
-9 -9
-12 -29.00006
-25 -62.00006
-39 -96
-53 -126
-63 -157.0001
-72 -187.0001
-78 -216.0001
-91 -261.0001
-102 -294.0001
-112 -320.0001
-121 -338.0001
-128 -352.0001
-135 -365.0001
-141 -379.0001
-144 -394.0001
-147 -405.0001
-149 -409.0001
-152 -417.0001
-154 -420.0001
-156 -423.0001
-157 -426.0001
-158 -430.0001
-159 -432.0001
-160 -435.0001
-161 -437.0001
-161 -439.0001
-162 -440.0001
-163 -441.0001
-164 -442.0001
-164 -442.0001
-164 -442.0001
1218 1002
1206 996
1199 975.9999
1187 947.0001
1174 915
1164 891.9999
1156 872.0001
1150 851.0001
1142 810
1140 791.0001
1130 746
1122 723
1113 699
1106 677
1101 656
1095 642
1092 632
1087 615
1084 598
1077 584
1072 574
1067 564
1062 554
1058 542
1053 531
1048 521
1044 512
1043 509
1042 508
1042 507
1041 507
1041 506
1040 506
1039 506
1038 506
1271 998.0001
1252 975
1240 957
1225 933.9999
1212 908.0001
1181 851.0001
1156 812.0001
1140 783
1126 757
1111 729
1102 710
1091 689
1083 671
1077 655
1071 641
1064 625
1059 613
1051 588
1046 574
1043 562
1039 552
1037 541
1033 530
1030 520
1027 509
1025 506
1024 502
1023 500
1022 499
1021 499
1020 499
1048 1028
1055 1015
1057 1004
1068 986.0001
1091 942
1112 903
1121 885.9999
1144 846.9999
1175 780.9999
1192 745
1199 729
1206 717
1213 703
1216 696
1223 682
1228 667
1234 654
1239 643
1244 631
1250 618
1253 613
1258 601
1264 588
1271 576
1276 564
1281 554
1286 544
1290 534
1296 520
1300 511
1301 508
1303 506
1304 504
1305 503
1106 989.0001
1106 981
1106 968.0001
1116 942.9999
1129 914.0001
1141 888.9999
1149 870.9999
1153 861
1156 852.9999
1164 831
1174 810
1184 788.0001
1193 771
1200 754
1208 737
1216 722
1223 705
1230 692
1237 676
1240 667
1246 654
1250 642
1256 628
1261 615
1266 603
1271 593
1274 585
1279 576
1283 567
1286 561
1288 555
1291 550
1296 538
1300 529
1302 526
1302 525
1302 524
1302 523
1302 521
1302 519
1302 516
1238 1022
1231 1012
1231 1002
1223 980.0001
1209 953.0001
1197 924.9999
1185 900
1170 864.9999
1158 831
1145 801
1135 777
1126 754
1121 736
1114 717
1107 695
1099 672
1092 653
1085 633
1077 613
1072 594
1067 576
1061 559
1055 543
1052 532
1049 525
1048 520
1043 511
1042 506
1039 502
1038 501
1037 501
1037 500
1036 500
1072 975.9999
1077 963
1095 938.0001
1116 905.0001
1128 879.9999
1135 866.0001
1149 842.0001
1166 816
1183 789.9999
1194 771.9999
1202 754
1205 746
1212 733
1218 721
1223 704
1232 679
1239 658
1245 642
1252 623
1258 605
1271 575
1283 554
1292 535
1300 518
1305 507
1309 498
1310 496
1310 494
1311 492
1312 492
1312 491
1251 1040
1239 1029
1231 1008
1220 981
1209 953.0001
1201 929.0001
1193 906
1187 882
1181 861
1168 821.0001
1161 798
1156 779.0001
1152 764
1149 751
1147 741
1145 734
1144 731
1232 1010
1225 996.9999
1218 969.9999
1206 930.9999
1190 888.9999
1174 851.0001
1161 818.0001
1150 789
1133 742
1120 702
1106 670
1096 642
1086 616
1077 593
1070 575
1062 558
1053 538
1047 520
1042 507
1037 497
1034 491
1033 489
1033 487
1032 486
1100 1025
1098 1010
1105 990.9999
1111 969
1123 929.0001
1145 867.9999
1171 798
1181 774
1188 754
1194 739
1199 724
1204 706
1211 690
1218 674
1223 660
1235 623
1247 593
1252 576
1261 559
1268 543
1276 529
1283 517
1290 507
1293 502
1294 500
1295 499
1296 499
1297 499
1298 499
1247 1077
1235 1065
1223 1031
1205 984
1185 936
1169 896.0001
1159 864.9999
1150 836.0001
1141 809.0001
1129 749
1119 700
1109 664
1099 637
1091 615
1084 598
1072 574
1054 542
1047 528
1043 520
1041 515
1038 510
1036 506
1034 501
1033 500
1033 498
1031 497
1030 496
1208 981.9999
1207 969
1201 951
1193 929.0001
1184 903.9999
1160 846.9999
1130 788.0001
1106 740
1093 705
1084 678
1076 655
1062 621
1054 601
1048 581
1040 565
1035 554
1032 544
1030 537
1030 533
1030 531
1030 530
1030 529
1030 528
1030 527
1030 526
1289 1041
1258 1021
1204 927
1169 858
1151 813
1138 777
1124 723
1119 706
1111 678
1100 655
1092 638
1091 634
1089 635
1085 632
1077 618
1070 604
1062 588
1053 570
1046 556
1038 540
1033 530
1028 520
1025 515
1023 507
1021 504
1021 502
1021 501
1021 500
1063 1013
1067 996
1070 989.0001
1077 978.9999
1090 957.9999
1101 939
1111 921
1145 848.0001
1160 812.0001
1169 795.9999
1178 782.0001
1184 768
1189 754
1195 740
1200 729
1205 718
1209 708
1213 699
1218 690
1223 680
1228 669
1233 660
1239 652
1244 641
1248 632
1253 621
1258 613
1263 603
1270 593
1276 580
1281 573
1284 564
1288 554
1295 544
1297 540
1299 537
1301 534
1302 531
1303 530
1304 529
1305 529
1252 1013
1243 1007
1242 996.9999
1235 975.9999
1227 954
1219 933
1210 912.9999
1202 894.9999
1185 858.9999
1167 824.0001
1152 794.0001
1136 764
1123 734
1111 705
1101 684
1091 662
1082 640
1071 614
1063 594
1058 575
1053 560
1048 545
1043 530
1041 520
1038 515
1038 513
1037 512
1036 511
1073 996
1081 974.0001
1095 941.0001
1111 903
1125 867.9999
1140 839.0001
1152 816
1164 792.9999
1176 774
1187 754
1200 729
1215 693
1223 676
1232 656
1242 637
1252 618
1262 601
1271 583
1281 567
1290 550
1298 535
1305 524
1307 518
1310 512
1312 507
1314 504
1315 501
1316 499
1316 498
1317 498
1212 960
1204 942.9999
1198 924.9999
1191 903.9999
1185 884.0001
1178 861
1163 825.9999
1153 795.9999
1142 767
1131 739
1121 713
1111 689
1101 668
1094 653
1086 632
1075 605
1068 590
1062 579
1057 566
1052 554
1047 540
1044 533
1041 526
1040 523
1039 520
1038 518
1038 517
1037 517
1037 516
1036 516
1036 515
1035 515
1091 929.0001
1101 917.0001
1111 903.9999
1131 875.0001
1149 848.0001
1165 819
1175 801.9999
1186 785.0001
1194 770.0001
1201 754
1208 739
1215 721
1221 709
1227 695
1232 682
1253 627
1260 607
1264 593
1270 579
1274 569
1278 557
1283 546
1290 534
1291 530
1294 525
1296 523
1297 522
1297 521
1298 520
1244 1001
1229 987.9999
1223 972
1213 948.9999
1203 924
1193 900
1183 876
1159 816.9999
1145 782.0001
1131 754
1110 716
1091 679
1081 656
1066 623
1057 604
1046 577
1039 564
1032 545
1028 536
1026 530
1023 523
1023 517
1022 511
1022 510
1021 508
1020 507
1020 506
1019 506
1053 996
1067 972
1091 927
1105 903
1119 879.9999
1135 858
1150 834
1164 816.9999
1177 798.9999
1195 771
1206 744
1218 718
1226 702
1232 686
1239 669
1247 646
1251 631
1255 617
1259 604
1265 582
1269 570
1272 558
1275 548
1278 541
1281 535
1281 533
1281 531
1282 530
1283 530
1284 530
1284 529
1285 529
1257 1003
1250 992.0001
1247 981.9999
1237 969
1225 951.9999
1212 933
1200 909.9999
1189 885
1166 837.9999
1153 804
1144 771.9999
1133 740
1128 725
1118 696
1110 675
1101 651
1094 630
1084 608
1077 589
1071 569
1066 554
1062 545
1059 539
1057 535
1056 533
1054 531
1053 530
1052 530
1107 984.9999
1106 972.9999
1107 963
1121 926.0001
1134 891
1147 857.0001
1167 819.9999
1185 789.9999
1198 764
1204 750
1211 734
1217 720
1223 704
1231 688
1240 666
1246 648
1252 632
1259 617
1263 607
1267 590
1271 579
1274 568
1279 554
1283 543
1286 537
1287 535
1292 527
1292 525
1292 524
1292 523
1292 522
1250 1018
1238 1011
1237 989.0001
1227 957.9999
1213 920.0001
1197 885
1180 852.9999
1166 828
1149 789.9999
1126 747
1116 723
1110 710
1099 690
1090 669
1081 649
1072 629
1065 611
1060 598
1055 586
1050 576
1047 569
1045 559
1042 546
1038 537
1038 533
1036 530
1035 528
1034 527
1034 526
1033 526
1033 525
1033 524
1033 523
1033 522
1067 1016
1073 998.0001
1083 981.9999
1092 966
1100 953.0001
1107 938.0001
1116 924
1129 896.0001
1141 870
1157 836.0001
1166 819.9999
1175 803.0001
1180 795
1188 782.0001
1208 728
1218 702
1223 692
1229 679
1233 666
1237 654
1240 647
1244 635
1247 625
1251 613
1256 599
1259 591
1262 582
1267 569
1271 561
1274 556
1275 553
1276 551
1277 549
1279 546
1281 545
1281 544
1282 542
1283 540
1284 540
1284 539
1227 996.9999
1213 986.0001
1206 969
1193 945.9999
1182 920.0001
1174 897.9999
1167 873
1155 825
1149 792
1140 765
1136 754
1127 734
1119 710
1111 689
1105 670
1100 655
1092 635
1085 614
1080 599
1075 584
1070 569
1062 550
1057 537
1051 523
1048 517
1043 505
1038 497
1037 493
1036 492
1035 491
1034 491
1033 491
1108 963
1106 948.9999
1111 936
1117 921.9999
1124 909
1137 882
1154 849
1162 831
1170 813.9999
1182 788.0001
1189 771.9999
1198 753
1205 737
1213 720
1220 706
1226 693
1232 678
1238 662
1246 644
1252 627
1259 612
1271 591
1281 572
1294 551
1296 543
1298 535
1299 530
1300 529
1301 529
1301 528
1301 527
1303 527
1227 992.0001
1218 981.9999
1213 962.0001
1202 933.9999
1189 903.9999
1179 876
1168 848.0001
1158 824.0001
1135 773.0001
1115 731
1106 710
1091 676
1078 646
1067 624
1057 605
1048 584
1041 565
1036 554
1033 545
1031 541
1030 538
1029 535
1029 533
1028 532
1028 530
1028 529
1028 528
1028 527
1028 526
1028 525
1089 981
1095 963
1109 941.0001
1122 918.9999
1138 888
1154 857.0001
1170 827.0001
1183 798
1192 774
1200 752
1208 730
1221 700
1236 668
1242 652
1247 638
1251 623
1256 607
1260 592
1266 575
1271 561
1277 548
1283 537
1287 530
1289 528
1289 527
1289 526
1291 525
1292 523
1295 522
1298 520
1301 519
1203 1018
1193 1007
1192 992.0001
1185 963
1174 924
1162 882
1143 816.9999
1127 766
1114 724
1101 690
1089 662
1082 643
1075 628
1069 613
1065 598
1061 586
1057 577
1055 569
1052 561
1051 556
1049 553
1048 548
1047 545
1045 544
1044 542
1044 541
1043 540
1043 538
1042 538
1042 537
1041 536
1073 984.9999
1079 975
1111 906.9999
1135 855
1151 825
1159 812.0001
1168 798.9999
1175 788.0001
1182 777.9999
1188 768
1191 763
1194 759
1197 754
1223 1001
1216 983.0001
1207 957.9999
1197 930
1186 902.0001
1177 875.0001
1119 729
1087 660
1073 624
1064 598
1057 575
1048 554
1038 524
1035 516
1033 511
1033 510
1033 508
1032 508
1032 507
1031 507
1097 965.0001
1110 930.9999
1122 894.9999
1142 851.0001
1154 822.9999
1159 812.0001
1164 801
1168 791.0001
1173 780.9999
1178 771.9999
1182 766
1185 763
1187 763
1244 965.0001
1232 945.9999
1223 924
1214 902.0001
1203 879
1180 836.0001
1161 800.0001
1144 768
1129 738
1115 715
1099 685
1073 627
1064 605
1059 592
1056 576
1052 562
1049 546
1046 535
1043 526
1038 519
1038 516
1036 514
1036 512
1035 512
1034 511
1067 1011
1085 977.0001
1099 950.0001
1106 936
1113 921.9999
1121 909
1128 894.9999
1135 881.0001
1143 867.9999
1148 860.0001
1152 855.9999
1257 993.9999
1250 981.9999
1212 909
1193 872.0001
1179 843.9999
1165 821.0001
1152 801
1140 780
1130 760
1104 702
1095 682
1086 664
1078 645
1064 618
1055 596
1048 574
1041 554
1035 537
1032 526
1030 522
1027 515
1025 511
1023 507
1023 505
1021 503
1021 501
1020 501
1020 500
1019 500
1019 501
1028 987
1041 972
1051 960.9999
1070 936
1087 909
1097 897
1106 885
1114 873.9999
1126 858
1135 846
1143 833.0001
1177 788.0001
1189 767
1196 753
1203 739
1208 729
1215 717
1222 703
1229 689
1237 675
1243 661
1251 642
1254 632
1258 616
1261 606
1264 597
1267 587
1272 576
1276 566
1280 559
1284 547
1288 537
1292 530
1295 524
1296 520
1297 520
1298 519
1298 518
1298 517
1299 517
1300 517
1110 1001
1111 992.0001
1113 968.0001
1121 941.0001
1166 804
1191 758
1201 734
1209 711
1217 694
1226 676
1237 658
1254 634
1263 619
1271 605
1285 581
1294 562
1299 549
1307 533
1312 520
1315 512
1315 510
1315 509
1315 507
1203 983.0001
1203 972
1202 945
1191 905.0001
1176 863.0001
1163 825.9999
1153 789.9999
1134 725
1111 672
1093 625
1079 595
1069 578
1064 564
1062 555
1062 549
1060 546
1057 545
1057 543
1056 542
1056 540
1054 539
1052 535
1049 529
1047 525
1046 525
1070 993.9999
1075 986.0001
1094 924
1114 882
1122 863.0001
1131 845.0001
1140 827.0001
1149 807.9999
1156 792.9999
1162 780.9999
1167 773.0001
1170 765
1174 761
1247 1007
1238 992.0001
1237 978.9999
1234 963
1228 941.0001
1218 915
1205 888
1178 836.0001
1156 788.0001
1138 753
1123 726
1105 694
1086 661
1073 640
1062 617
1052 597
1045 579
1040 565
1036 553
1022 501
1018 494
1018 492
1060 1029
1066 1017
1072 1005
1079 993.9999
1238 1029
1235 1024
1234 1010
1220 972
1198 927
1181 894.9999
1164 861
1147 824.0001
1131 788.0001
1116 750
1103 716
1076 645
1064 618
1055 595
1048 574
1044 559
1042 546
1039 535
1034 522
1028 506
1024 500
1023 496
1022 495
1022 494
1021 494
1020 494
1019 494
1019 496
1039 1016
1048 1002
1054 993
1060 987
1067 977.0001
1073 968.0001
1077 965.0001
1232 984
1226 977.0001
1223 960.9999
1217 938.0001
1211 912
1203 888.9999
1193 867
1183 849
1170 828.9999
1149 791.0001
1140 773.0001
1122 740
1107 710
1095 681
1082 651
1072 626
1060 602
1051 583
1043 568
1038 554
1031 542
1027 535
1026 531
1023 526
1023 520
1023 519
1023 518
1022 518
1082 1014
1086 1003
1089 992.0001
1098 972
1106 954
1115 936
1134 902.0001
1151 870
1189 783
1200 752
1208 736
1214 722
1218 714
1222 705
1225 691
1230 678
1235 666
1241 654
1245 645
1247 642
1252 627
1259 613
1266 598
1272 584
1281 564
1286 554
1288 550
1291 544
1293 539
1295 534
1296 531
1297 530
1297 529
1088 947.0001
1096 939.9999
1101 929.0001
1109 909.9999
1117 894.9999
1125 878.0001
1132 866.0001
1143 840.9999
1158 816.9999
1173 795.9999
1184 777.9999
1198 754
1202 745
1209 730
1218 709
1227 686
1236 659
1246 632
1256 604
1266 584
1270 574
1277 559
1281 546
1284 530
1285 520
1286 514
1287 511
1288 510
1288 509
1289 508
1289 507
1817 1487
1817 1498
1822 1517
1822 1519
1820 1519
1808 1519
1777 1520
1719 1520
1664 1522
1633 1525
1614 1531
1595 1536
1182 957.9999
1174 942
1174 929.0001
1174 915.9999
1171 897.9999
1165 876.9999
1160 858.9999
1155 840
1151 821.0001
1147 804
1138 768
1126 735
1116 698
1106 666
1096 642
1085 620
1076 601
1072 590
1064 567
1057 549
1051 532
1047 522
1043 514
1042 510
1041 507
1040 505
1040 504
1039 504
1039 503
1038 503
1079 981
1078 960.9999
1091 936.9999
1104 915
1118 891.9999
1125 879
1140 852.9999
1159 828
1178 803.0001
1193 780
1204 763
1213 744
1220 726
1230 703
1239 671
1243 656
1247 638
1251 623
1256 607
1260 590
1266 574
1286 526
1290 520
1291 519
1292 518
1293 516
1294 516
1295 515
1052 987.9999
1065 977.0001
1071 966.9999
1077 957.9999
1085 948
1093 935.0001
1101 924
1108 912
1116 900
1124 888
1132 876
1141 864.9999
1150 852.9999
1157 840.9999
1166 830.0001
1174 819
1182 809.0001
1188 798.9999
1193 788.0001
1199 777.9999
1204 770.0001
1209 763
1213 756
1215 752
1216 749
1116 953.0001
1110 953.0001
1118 936
1129 915
1138 896.0001
1147 876
1153 861
1159 849
1164 836.0001
1171 822
1179 807.9999
1186 792.9999
1193 780
1199 768
1204 756
1210 744
1214 734
1218 722
1222 711
1226 705
1227 702
1088 927.9999
1104 914.0001
1115 903.9999
1125 891
1134 879
1142 866.0001
1156 839.0001
1164 824.0001
1182 794.0001
1198 768
1210 744
1222 722
1231 701
1240 683
1243 673
1249 658
1254 642
1259 629
1265 615
1270 604
1271 600
1276 586
1281 575
1285 563
1286 557
1291 547
1292 542
1294 538
1295 536
1296 534
1296 532
1296 531
1296 530
1297 528
1298 528
1299 527
1195 848.0001
1182 834
1178 825
1170 812.0001
1163 800.0001
1150 780
1133 752
1120 729
1108 705
1101 688
1096 673
1089 654
1083 634
1075 615
1069 603
1065 591
1060 576
1056 561
1052 551
1049 543
1048 539
1047 533
1046 528
1045 528
1044 528
1043 528
1043 527
1042 526
1172 860.0001
1174 840.9999
1180 812.0001
1187 788.0001
1193 768.9999
1203 748
1213 719
1218 703
1220 690
1223 678
1226 666
1232 649
1242 626
1247 613
1253 599
1261 580
1265 572
1269 564
1272 554
1276 546
1279 539
1279 536
1280 536
1281 535
1281 534
1281 533
1281 532
1104 639
1144 639
1164 639
1184 639
1207 638
1235 637
1241 636
1243 636
1243 633
1194 849
1166 822
1162 816.9999
1141 783
1125 752
1101 706
1086 675
1069 632
1057 595
1048 572
1044 561
1041 552
1038 543
1036 537
1035 532
1033 529
1033 526
1032 526
1195 801
1195 791.0001
1200 770.0001
1220 711
1228 684
1234 670
1240 658
1246 643
1263 605
1271 588
1277 574
1279 569
1282 560
1287 549
1291 539
1293 535
1293 534
1296 532
1296 531
1296 530
1204 788.0001
1198 773.0001
1203 760
1205 753
1208 748
1210 744
1213 734
1215 730
1216 728
1216 727
1218 725
1218 724
1219 723
1189 813.9999
1189 795.9999
1196 777.9999
1198 771
1201 763
1203 756
1204 753
1208 747
1209 743
1211 739
1212 738
1214 733
1220 722
1229 705
1234 693
1241 676
1247 658
1254 643
1261 627
1271 608
1275 598
1279 587
1286 569
1286 565
1289 554
1291 545
1293 536
1294 530
1295 526
1296 525
1296 524
1296 521
1296 520
1167 806.0001
1179 780.9999
1193 763
1208 744
1224 719
1238 690
1248 666
1261 624
1268 605
1276 592
1279 587
1280 585
1281 579
1283 566
1284 550
1286 543
1287 538
1288 535
1290 533
1291 531
1292 529
1295 526
1296 525
1297 525
1147 846
1152 836.0001
1153 827.0001
1159 812.0001
1167 797.0001
1174 783.9999
1187 765
1198 744
1208 724
1218 706
1224 695
1229 686
1237 673
1247 660
1257 648
1267 636
1276 622
1286 609
1296 598
1302 586
1305 581
1310 574
1314 568
1317 562
1319 557
1320 554
1320 553
1321 552
1321 551
1321 550
1321 549
1043 676
1056 665
1072 662
1086 658
1098 656
1122 651
1145 648
1169 647
1193 646
1203 646
1227 646
1241 646
1254 646
1262 646
1271 646
1278 646
1283 646
1288 646
1293 646
1296 646
1297 646
1298 646
1299 646
1436 661
1416 641
1397 625
1383 605
1378 576
1376 559
1378 538
1388 534
1391 534
1395 535
1397 537
1398 540
1402 554
1410 580
1418 616
1423 637
1427 649
1428 655
1429 656
1429 642
1429 613
1424 583
1419 547
1417 529
1417 521
1417 520
1420 520
1427 530
1429 539
1432 548
1438 559
1443 572
1448 583
1451 591
1454 598
1456 602
1383 816.9999
1363 836.0001
1354 839.0001
1345 840.9999
1329 843
1306 845.0001
1286 845.0001
1268 845.0001
1250 845.0001
1242 843
1225 840
1210 836.0001
1198 833.0001
1191 831
1178 824.0001
1167 819
1159 812.0001
1151 804.9999
1145 795.9999
1140 786.9999
1134 773.0001
1128 760
1126 747
1125 734
1125 720
1125 706
1125 692
1126 679
1130 663
1135 647
1144 633
1156 617
1170 603
1184 591
1198 581
1213 572
1229 565
1247 559
1265 554
1280 551
1291 550
1300 550
1311 554
1321 560
1333 567
1345 577
1357 586
1362 591
1366 594
1369 597
1371 598
1372 598
1373 598
795 987.9999
774 996.9999
768 996.9999
756 996.9999
744 1001
732 1002
719 1002
697 1006
668 1006
639 1006
615 1005
600 1001
592 998.0001
578 990.9999
565 983.0001
548 977.0001
539 969
531 960.9999
523 953.0001
519 948
513 938.0001
506 927
501 914.0001
498 900.9999
498 890.0001
498 879
498 867.9999
498 855.9999
498 848.0001
498 836.0001
498 819.9999
503 801.9999
510 783
515 768.9999
516 763
517 754
519 744
523 730
528 718
536 705
542 700
553 688
568 678
586 669
603 662
624 656
632 655
643 653
654 652
668 652
678 651
684 651
695 651
708 651
724 654
730 655
735 655
738 657
743 661
748 664
751 666
754 668
756 668
915 795
891 797.0001
885 797.0001
878 797.0001
874 795
870 789
867 783
859 771
848 764
837 754
831 743
827 734
823 721
819 708
819 700
817 688
817 674
817 661
821 655
830 651
841 651
845 652
855 662
863 678
870 695
879 713
885 729
887 740
889 750
892 756
897 767
899 776.0001
902 783
905 786.9999
905 774.9999
901 762
895 741
890 722
886 705
879 682
875 670
873 659
873 648
874 642
882 642
893 645
899 648
902 652
909 664
919 679
922 685
926 690
929 695
931 697
932 697
933 697
934 697
935 697
800 992.0001
774 1007
768 1007
759 1010
750 1014
741 1017
732 1021
717 1026
702 1026
680 1026
668 1026
649 1026
630 1021
610 1021
586 1015
577 1012
562 1003
551 993.9999
539 987
532 980.0001
524 969
516 953.0001
508 936.9999
505 920.0001
503 912.9999
502 894.9999
501 873.9999
501 855.9999
501 836.0001
502 816.9999
505 807.9999
512 791.0001
520 773.0001
528 756
537 743
542 737
553 724
569 710
589 698
607 686
626 676
636 673
656 669
675 667
691 667
704 667
710 667
722 672
734 677
746 684
759 690
772 697
778 700
783 705
787 708
791 711
794 715
937 767
916 789
908 789
894 785.0001
882 776.0001
871 763
864 748
857 735
852 721
848 702
847 689
846 677
846 665
846 654
850 643
853 639
888 644
904 667
919 698
926 720
932 737
937 753
941 768
945 779.0001
948 788.0001
950 800.0001
950 801.9999
950 798.9999
950 788.0001
941 764
937 745
930 723
924 701
919 681
916 671
915 658
915 646
914 636
914 630
914 629
918 629
922 629
935 639
940 649
943 658
946 668
950 679
955 690
960 700
962 707
963 711
965 712
1452 641
1432 647
1425 647
1420 642
1414 638
1408 633
1403 627
1398 621
1395 618
1393 614
1388 609
1386 604
1383 599
1383 598
1379 590
1377 586
1374 580
1373 573
1371 566
1371 560
1371 554
1371 548
1373 540
1378 539
1383 543
1396 555
1406 570
1413 584
1417 598
1419 608
1420 613
1422 623
1423 634
1425 643
1426 651
1427 652
1427 653
1427 644
1426 618
1424 605
1420 584
1418 570
1417 559
1417 550
1417 543
1417 536
1417 531
1417 529
1417 527
1418 527
1422 527
1429 535
1435 542
1441 550
1449 560
1456 571
1461 581
1464 588
1465 593
1465 595
1466 592
1180 872.0001
1174 870
1174 864.9999
1174 855.9999
1174 843.9999
1174 821.0001
1174 803.0001
1173 786
1173 771
1172 756
1170 740
1169 726
1169 715
1169 701
1168 687
1168 672
1168 656
1168 642
1168 629
1168 616
1168 607
1168 599
1168 592
1168 586
1168 581
1168 578
1168 577
1168 576
1168 575
1168 574
1170 845.0001
1184 857.0001
1189 857.0001
1197 857.0001
1208 858
1245 858
1261 858
1270 857.0001
1278 854.0001
1286 851.0001
1294 846.9999
1301 840.9999
1307 836.0001
1310 831
1313 825.9999
1315 821.0001
1315 816
1315 810
1315 804.9999
1315 797.0001
1315 789.9999
1310 782.0001
1304 776.0001
1297 771.9999
1290 768
1281 764
1269 760
1254 757
1242 753
1230 750
1224 749
1213 747
1204 745
1196 744
1189 741
1180 738
1171 734
1164 731
1158 729
1151 728
1150 728
1150 727
1149 727
1148 727
1147 727
1185 729
1202 734
1228 734
1240 733
1250 732
1257 730
1266 728
1276 725
1279 724
1286 722
1291 720
1297 717
1304 714
1309 709
1313 701
1317 692
1320 681
1322 669
1322 663
1323 648
1323 640
1321 630
1315 622
1305 616
1296 613
1291 611
1280 607
1268 603
1256 600
1242 598
1228 597
1211 597
1192 596
1174 596
1159 594
1146 592
1137 590
1133 589
1130 588
1127 588
1125 588
1124 587
1123 586
1123 584
1472 881.0001
1470 864
1470 854.0001
1470 837.9999
1470 819.9999
1470 801
1470 777.9999
1472 732
1472 710
1472 694
1472 679
1473 662
1474 653
1475 633
1475 617
1475 603
1475 593
1475 582
1475 578
1475 576
1475 574
1475 573
1478 702
1480 720
1484 727
1489 732
1494 735
1512 744
1531 746
1541 747
1551 747
1556 747
1563 746
1569 742
1582 717
1589 696
1590 685
1591 672
1591 661
1591 649
1589 639
1584 628
1578 620
1571 613
1563 605
1553 600
1548 598
1536 593
1523 590
1508 588
1495 587
1488 587
1481 587
1475 587
1470 587
1466 587
1462 587
1461 587
1459 587
1470 715
1472 733
1477 736
1483 739
1496 744
1508 747
1521 750
1525 751
1538 754
1539 754
1544 754
1548 754
1553 754
1558 753
1561 748
1563 742
1569 734
1577 722
1582 710
1586 700
1588 686
1590 675
1590 669
1590 654
1590 641
1590 630
1588 620
1579 607
1572 598
1561 591
1555 588
1540 583
1524 578
1510 576
1497 574
1485 573
1474 571
1465 570
1456 570
1452 570
1449 570
1446 570
1443 570
1441 570
1440 570
1440 568
1452 55.99997
1441 70.00003
1441 73.00003
1195 870
1191 855.9999
1191 846
1191 833.0001
1191 818.0001
1192 800.0001
1194 763
1196 730
1197 700
1198 676
1198 661
1198 646
1198 633
1198 626
1198 619
1198 613
1198 607
1198 602
1197 598
1195 596
1194 594
1193 592
1192 591
1192 589
1190 588
1189 588
1188 587
1187 587
1179 855.9999
1190 857.0001
1202 857.0001
1223 857.0001
1244 857.0001
1266 855.9999
1305 846
1334 827.0001
1346 798.9999
1349 774.9999
1344 748
1338 737
1328 729
1310 724
1291 715
1269 707
1246 702
1169 697
1159 699
1164 706
1177 710
1193 711
1221 711
1249 711
1266 711
1275 707
1277 706
1280 706
1287 705
1300 699
1308 695
1309 693
1310 691
1314 689
1320 680
1329 664
1334 648
1334 638
1326 628
1300 612
1273 603
1257 600
1239 598
1222 596
1208 595
1197 594
1189 594
1185 594
1184 595
1168 855.9999
1184 858
1197 858
1208 858
1218 858
1230 858
1244 858
1268 854.0001
1284 843.9999
1294 833.0001
1303 821.0001
1312 810.9999
1320 804
1322 798
1323 789.9999
1323 783
1323 777.9999
1323 770.0001
1319 763
1313 757
1309 751
1304 745
1296 739
1284 734
1274 729
1266 725
1256 722
1245 720
1232 720
1218 719
1204 719
1193 719
1185 719
1183 719
1180 719
1179 719
1177 719
1175 719
1172 721
1170 722
1169 725
1168 725
1167 725
1167 726
1193 716
1199 724
1247 728
1296 719
1315 706
1333 694
1344 683
1351 676
1356 671
1358 665
1358 658
1359 652
1359 649
1359 646
1359 640
1359 637
1351 633
1347 630
1334 622
1323 614
1313 608
1304 604
1290 599
1282 597
1276 596
1266 594
1255 592
1242 590
1229 590
1216 588
1205 588
1196 588
1188 588
1179 588
1177 588
1174 588
1172 588
1170 588
1168 588
1165 588
1162 588
1159 588
1156 590
1473 852
1472 840.9999
1472 828
1472 792
1472 745
1472 701
1472 670
1476 636
1478 616
1479 602
1480 590
1481 579
1482 574
1479 575
1475 581
1473 584
1472 585
1471 586
1469 586
1464 588
1474 584
1488 584
1513 584
1540 584
1566 584
1590 584
1608 584
1633 595
1643 623
1645 655
1640 683
1623 704
1602 716
1577 725
1558 731
1542 733
1524 733
1514 732
1507 725
1503 720
1498 715
1493 714
1490 712
1488 710
1487 710
1486 710
1485 710
1484 710
1475 721
1492 739
1514 750
1529 752
1541 753
1553 753
1562 749
1575 736
1582 727
1584 720
1585 710
1585 700
1583 681
1577 666
1568 648
1558 634
1549 621
1540 609
1525 594
1514 588
1505 586
1470 579
1455 579
1448 579
1446 578
1443 578
1441 578
1439 578
1435 578
1429 579
1425 583
1422 588
593 1005
582 978
574 953.0001
571 930.9999
571 909.9999
571 864.9999
568 833.0001
566 809.0001
563 783
559 748
557 715
553 676
552 666
552 650
552 637
552 633
552 632
552 631
551 631
550 632
569 957.9999
585 972.9999
597 975.9999
610 981
622 984.9999
631 987
639 987
646 987
653 987
668 987
681 984
692 978
700 971.0001
707 963
714 951.9999
720 927.9999
720 909
720 891.9999
720 882.9999
714 867
705 855.9999
693 845.0001
582 815.0001
572 813.9999
570 813.9999
568 813.9999
567 813.9999
567 815.0001
567 816.9999
568 816.9999
569 816.9999
569 818.0001
570 819
571 819.9999
573 819.9999
571 804.9999
579 813
586 815.0001
598 819
610 822
635 827.0001
649 828.9999
659 831.9999
669 831.9999
676 831.9999
683 831.9999
688 831.9999
691 831.9999
693 831.9999
693 830.0001
560 972.9999
576 986.0001
625 986.0001
650 983.0001
665 978.9999
678 975
693 969.9999
712 963
718 962.0001
717 962.0001
715 960
717 954
717 950.0001
717 921
717 912.9999
716 903.9999
714 900.9999
707 888.9999
704 885
697 876
689 867
681 857.0001
676 852.9999
665 846
656 840.9999
646 837
635 831.9999
624 828.9999
617 827.0001
604 822
591 818.0001
579 816
572 813
568 812.0001
567 812.0001
567 813.9999
567 815.0001
569 816
570 816
575 819.9999
588 827.0001
610 830.0001
667 831
678 831
693 828
699 825
705 821.0001
714 813
733 767
733 746
733 734
733 722
728 708
727 703
721 695
713 688
706 682
696 676
684 672
673 671
647 666
630 664
612 663
589 663
576 662
564 661
554 661
549 661
547 661
546 661
542 661
541 661
540 661
539 661
880 777
857 789
834 789
821 785.0001
819 782.0001
811 773.0001
807 768.9999
804 765
801 762
798 756
795 752
794 750
793 749
552 836.0001
570 842.0001
578 842.0001
592 845.0001
613 845.0001
633 845.0001
650 843.9999
668 840.9999
682 837.9999
694 833.0001
706 828
712 825
722 816.9999
732 807
738 795.9999
743 785.0001
745 779.0001
747 766
748 753
748 740
748 729
746 715
741 702
739 696
731 686
722 676
709 668
694 663
672 656
661 654
641 652
620 651
601 651
584 651
576 651
572 652
564 652
557 653
553 653
550 653
546 653
542 653
541 653
540 653
539 653
539 654
882 783.9999
868 791.0001
858 791.0001
844 791.0001
824 789.9999
817 786
813 782.0001
805 754
801 739
800 726
800 710
800 701
800 688
800 676
801 666
805 659
809 656
814 656
821 656
833 670
844 689
859 714
868 729
882 754
890 773.0001
897 792.9999
900 806.0001
902 812.0001
902 810
902 801
896 782.0001
892 768
885 749
877 729
870 709
868 700
863 688
861 676
858 661
858 647
858 638
858 635
860 633
867 634
878 644
889 656
900 671
911 689
921 707
931 728
935 739
936 741
951 918
954 900.9999
955 879
957 867.9999
960 840
961 807.9999
963 777.9999
963 750
963 725
963 713
963 694
963 676
963 662
963 651
963 644
963 640
963 639
963 637
962 637
961 637
960 783
975 801
987 806.0001
993 807.9999
1002 810
1011 812.0001
1022 812.0001
1033 812.0001
1040 812.0001
1045 809.0001
1053 804
1055 803.0001
1055 801
1057 792
1072 747
1072 727
1072 712
1071 697
1065 685
1057 673
1049 665
1040 656
1035 652
1027 647
1018 642
1008 636
999 632
989 632
981 632
978 632
965 638
960 639
954 640
950 640
945 640
942 640
941 640
940 640
941 640
1256 789.9999
1250 763
1237 718
1219 681
1208 654
1198 632
1189 611
1184 602
1175 586
1168 572
1164 564
1159 557
1154 550
1150 547
1141 541
1135 540
1130 538
1125 538
1119 538
1113 538
1107 538
1102 538
1101 539
1247 792.9999
1242 776.0001
1234 751
1227 724
1218 693
1213 682
1202 657
1189 637
1179 622
1169 607
1165 601
1157 592
1150 584
1146 582
1141 579
1135 575
1131 572
1126 567
1122 563
1120 562
1119 561
1119 560
1256 819.9999
1254 807.9999
1252 792.9999
1247 777.9999
1244 764
1240 749
1208 666
1195 645
1189 631
1183 618
1175 602
1169 590
1164 585
1156 574
1150 564
1145 559
1140 558
1135 558
1128 558
1122 558
1114 558
1110 558
1102 558
1100 558
1098 558
1096 558
1095 558
1094 560
1092 564
1089 564
1088 564
1245 777.9999
1242 764
1240 754
1229 730
1220 711
1214 695
1211 688
1207 674
1203 661
1198 650
1193 637
1191 632
1187 619
1181 608
1174 595
1171 589
1164 579
1157 574
1152 574
1150 574
1145 574
1143 574
1140 575
1135 575
1130 575
1122 575
1118 575
1116 575
1115 575
1114 575
1115 575
1271 797.0001
1262 783
1257 771
1251 759
1244 747
1237 736
1232 726
1223 705
1213 686
1202 663
1193 645
1184 629
1175 614
1167 600
1164 593
1156 580
1150 570
1145 560
1140 554
1137 549
1131 543
1128 537
1123 533
1119 531
1116 530
1114 530
1111 530
1110 531
1106 531
1101 531
1099 531
1185 842.0001
1172 825
1170 816.9999
1162 798.9999
1154 777.9999
1146 754
1138 730
1132 713
1124 693
1114 675
1106 659
1096 640
1090 625
1084 615
1079 607
1076 601
1072 593
1067 584
1062 575
1057 567
1052 559
1048 551
1046 547
1045 545
1044 545
1044 544
1043 544
1043 543
1193 801
1192 780
1196 768
1197 763
1198 755
1198 752
1198 751
1199 751
1199 750
1199 749
1199 748
1200 747
1201 746
1189 807.9999
1187 812.0001
1187 807
1189 798
1192 792
1197 780
1200 771.9999
1204 744
1208 730
1210 721
1213 713
1217 702
1219 696
1224 684
1230 670
1237 655
1243 637
1249 622
1254 612
1259 601
1265 590
1271 579
1275 571
1278 564
1281 560
1284 556
1286 553
1286 551
1287 549
1288 548
1288 546
1289 546
1289 544
1290 543
1290 542
1291 542
1184 842.0001
1179 837.9999
1181 821.0001
1184 809.0001
1189 795.9999
1196 780.9999
1201 768
1204 758
1208 747
1211 737
1214 724
1218 708
1220 701
1225 690
1230 675
1236 658
1245 641
1254 620
1258 610
1267 588
1276 572
1282 560
1286 551
1290 543
1291 540
1293 535
1295 531
1297 529
1297 528
1297 526
1298 525
1087 666
1102 666
1113 666
1129 665
1149 663
1169 663
1183 661
1192 659
1210 656
1227 652
1235 651
1246 648
1247 648
1248 648
1249 648
1250 648
1251 648
1252 648
1428 623
1421 642
1417 646
1411 647
1401 647
1386 637
1374 619
1368 606
1365 597
1363 583
1363 575
1363 563
1363 550
1364 545
1367 540
1369 538
1373 538
1378 538
1387 546
1391 550
1398 558
1401 563
1405 569
1412 580
1418 588
1424 599
1427 606
1428 612
1430 618
1432 624
1432 627
1435 631
1436 633
1436 634
1436 633
1434 615
1433 593
1432 575
1430 565
1427 561
1424 549
1424 538
1424 529
1426 525
1429 521
1433 519
1435 519
1437 518
1439 518
1441 518
1443 518
1446 518
1456 518
1469 523
1477 527
1481 529
1174 830.0001
1179 825.9999
1179 804.9999
1176 774
1174 744
1170 715
1164 669
1162 641
1156 613
1156 603
1158 598
1180 596
1210 594
1241 593
1274 593
1297 593
1307 596
1326 613
1340 640
1340 648
1323 673
1304 686
1281 695
1253 701
1227 701
1200 700
1176 691
1155 678
1146 670
1146 667
1155 669
1188 686
1222 707
1269 734
1295 752
1315 773.0001
1320 801.9999
1266 840.9999
1237 846.9999
1212 846.9999
1198 843
1183 833.0001
1168 819.9999
1156 807
1149 795
1143 786.9999
1140 780.9999
1140 777.9999
1185 845.0001
1190 831
1190 812.0001
1190 788.0001
1189 720
1187 655
1189 629
1190 610
1190 596
1191 588
1191 584
1191 582
1191 581
1191 580
1173 822
1190 837.9999
1210 849
1226 855.9999
1244 860.0001
1260 860.0001
1271 858
1293 840.9999
1309 824.0001
1316 807.9999
1321 774
1319 754
1306 742
1286 736
1265 734
1247 734
1232 734
1213 734
1210 734
1206 734
1203 734
1199 734
1195 736
1191 739
1189 739
1192 716
1200 718
1226 718
1264 715
1290 705
1313 695
1321 686
1326 674
1330 647
1330 636
1330 627
1327 620
1324 617
1316 611
1308 605
1270 595
1247 595
1232 595
1225 595
1218 595
1210 595
1200 595
1195 595
1193 595
1190 595
1189 595
1189 597
1159 834.9999
1164 828
1164 819.9999
1164 804.9999
1164 786.9999
1163 753
1160 736
1157 700
1155 670
1152 640
1150 615
1146 598
1145 588
1145 584
1145 579
1145 578
1145 574
1145 570
1145 568
1145 567
1145 566
1145 565
1220 834.9999
1231 836.0001
1278 836.0001
1289 831.9999
1315 818.0001
1320 812.0001
1330 801
1336 789.9999
1326 752
1302 732
1281 725
1263 722
1253 720
1239 720
1226 720
1216 720
1221 720
1247 720
1261 720
1285 718
1307 712
1325 706
1334 703
1341 698
1348 692
1349 690
1350 686
1351 677
1350 653
1344 638
1337 623
1326 613
1312 606
1296 597
1267 589
1259 589
1251 589
1241 589
1229 589
1219 589
1210 591
1202 592
1198 593
1195 593
1194 594
1197 837.9999
1216 840
1238 840
1266 840
1320 825
1339 798.9999
1348 773.0001
1349 747
1336 729
1306 715
1283 707
1261 705
1237 705
1216 705
1208 705
1197 707
1192 708
1189 709
1185 710
1181 711
1177 713
1174 715
1171 715
1170 715
1599 259
566 993.9999
567 981.9999
573 954.9999
580 918
587 875.0001
594 831
597 788.0001
598 757
599 731
599 704
599 683
599 673
599 668
598 665
598 664
598 663
599 663
1510 162
1151 855.9999
-9 -12.99994
-10 -25.99988
-11 -37.99988
-12 -46.99988
-15 -60
-19 -78
-22 -88.99994
-26 -96.99994
-28 -101.9999
-30 -110.9999
-33 -122.9999
-36 -135.9999
-40 -148.9999
-60 -189.9999
-74 -208.9999
-79 -218.9999
-84 -226.9999
-89 -233.9999
-95 -238.9999
-99 -246.9999
-102 -253.9999
-105 -260.9999
-106 -262.9999
-109 -268.9999
-113 -271.9999
-114 -274.9999
-117 -278.9999
-123 -287.9999
-126 -291.9999
-128 -295.9999
-129 -300.9999
-132 -304.9999
-133 -306.9999
-133 -309.9999
-133 -310.9999
-133 -310.9999
-133 -311.9999
-133 -312.9999
-133 -313.9999
-133 -313.9999
-134 -313.9999
-134 -313.9999
1187 867
-18 -18.99994
-31 -41.00006
-43 -60
-52 -78.99994
-59 -93.99994
-65 -107
-70 -118
-72 -127
-76 -138
-80 -151
-84 -162
-86 -170
-91 -182
-96 -194
-103 -206
-109 -215
-115 -225
-121 -239
-126 -249
-130 -259
-136 -269
-140 -275
-145 -284
-149 -290
-154 -296
-157 -302
-159 -305
-160 -308
-162 -313
-164 -318
-164 -321
-165 -324
-167 -327
-167 -328
-168 -330
-169 -330
-169 -331
-169 -331
-169 -331
-169 -331
-169 -332
-169 -332
-169 -332
-169 -332
-169 -332
1188 882
-4 -11.00006
-4 -17.00006
-4 -24
-2 -32.00006
0 -39.99994
1 -45
6 -56.00006
11 -68.00006
15 -75.99994
20 -90
23 -98.00006
25 -107.0001
27 -115
30 -123
32 -133
35 -143
43 -174
49 -203
52 -216
55 -226
57 -232
59 -237
61 -246
64 -255
69 -263
73 -269
78 -279
83 -289
85 -295
87 -298
88 -302
95 -314
100 -323
103 -328
103 -332
105 -334
106 -337
106 -339
107 -342
108 -343
108 -346
109 -347
110 -348
110 -349
111 -351
111 -352
111 -352
111 -352
111 -352
111 -352
111 -352
111 -352
111 -352
111 -352
1184 869.0001
-5 -15
4 -57
7 -67.00012
11 -80.00006
14 -86.00006
18 -96
19 -99
22 -105.0001
24 -111.0001
26 -115.0001
28 -119.0001
29 -122.0001
31 -127.0001
38 -143.0001
43 -154.0001
48 -164.0001
52 -170.0001
56 -180.0001
59 -188.0001
66 -203.0001
70 -210.0001
77 -222.0001
82 -230.0001
89 -241.0001
94 -247.0001
97 -252.0001
102 -261.0001
109 -271.0001
114 -278.0001
116 -284.0001
119 -289.0001
121 -292.0001
123 -296.0001
125 -300.0001
131 -315.0001
132 -319.0001
133 -322.0001
134 -325.0001
134 -330.0001
134 -334.0001
134 -336.0001
134 -340.0001
134 -341.0001
134 -344.0001
134 -345.0001
134 -345.0001
134 -346.0001
134 -346.0001
134 -346.0001
134 -346.0001
134 -346.0001
134 -346.0001
1099 666
5 -7
46 -8
65 -9
72 -9
80 -9
88 -9
94 -9
101 -9
108 -9
114 -9
121 -9
128 -9
137 -9
144 -8
154 -6
162 -5
167 -5
169 -5
172 -5
172 -5
174 -5
175 -5
175 -5
175 -5
175 -5
1898 1450
1670 154
27 -16.00003
914 927.9999
-19 -24
-43 -60.99994
-68 -99.99994
-108 -166.9999
-155 -244.9999
-167 -264.9999
-177 -281.9999
-187 -303.9999
-199 -329.9999
-212 -358.9999
-225 -382.9999
-232 -396.9999
-236 -401.9999
-236 -402.9999
916 914.0001
-5 -18
-21 -53.00006
-43 -93
-64 -130.0001
-80 -160.0001
-107 -206.0001
-127 -244.0001
-144 -279.0001
-157 -310.0001
-166 -335.0001
-170 -343.0001
-172 -347.0001
-173 -350.0001
-174 -350.0001
-174 -350.0001
-175 -350.0001
-175 -350.0001
-175 -350.0001
-175 -350.0001
964 13.00003
-13 3.999939
-14 3.999939
-15 4.999969
-17 7.999969
-18 7.999969
-19 7.999969
-23 7.999969
522 365
4 24
25 68.00006
54 122.0001
91 193
131 271
171 340
211 408.0001
250 472
286 530
318 578
344 616
365 645.0001
377 665
384 676
388 683
390 686
979 957.9999
-14 -15
-25 -40.99988
-49 -78
-75 -111.9999
-93 -138.9999
-106 -162
-114 -174.9999
-119 -183.9999
-127 -196.9999
-137 -213.9999
-149 -233.9999
-161 -261.9999
-173 -288.9999
-184 -314.9999
-194 -346.9999
615 458
27 202
83 455
169 719
1077 1068
0 1
0 2
1617 147
2 7.000031
13 31.00003
55 129
81 181
106 230
129 274
159 316
184 354
203 381
214 402
224 413
1052 530
0 16
7 56
32 160
48 214
88 334.9999
122 409.9999
158 490.9999
212 594
230 618
248 641
263 662
280 683
301 705
321 728
344 753
370 778
694 438
12 77
41 204
85 350.0001
145 480.9999
214 596
297 695
715 469
16 95.99997
44 221
93 347.9999
153 464.9999
211 567
257 624
1173 819.9999
-10 -12.99994
-18 -31.99988
-28 -51
-38 -69.99994
-48 -85.99994
-57 -99.99994
-63 -115.9999
-77 -145.9999
-90 -177.9999
-100 -203.9999
-108 -228.9999
-112 -245.9999
-119 -262.9999
-124 -275.9999
-127 -284.9999
-128 -286.9999
-129 -288.9999
-130 -289.9999
-130 -290.9999
-130 -291.9999
-130 -291.9999
-130 -291.9999
-130 -291.9999
-130 -291.9999
-130 -291.9999
-130 -291.9999
1177 831
2 -11.00006
12 -32.00006
21 -51
26 -67
31 -80
35 -89
38 -99
50 -126
62 -146
75 -170
82 -185
85 -195
91 -211
96 -225
98 -238
101 -249
105 -261
111 -274
115 -286
117 -291
118 -292
119 -293
119 -294
119 -294
119 -294
119 -294
119 -295
119 -295
119 -295
119 -295
1069 654
9 4
97 3
118 2
149 1
163 0
176 0
185 -2
203 -3
221 -6
222 -6
222 -6
222 -7
224 -7
225 -7
226 -8
226 -8
226 -9
1075 645
3 -6
14 -6
30 -6
48 -7
63 -7
75 -7
109 -7
128 -7
145 -6
159 -4
170 -4
177 -3
189 -3
198 -1
204 -1
206 -1
210 -1
210 -1
210 -1
211 -1
211 -1
211 -1
211 -1
211 -1
211 -1
1167 827.0001
-9 -11.00006
-21 -33
-32 -62.00006
-46 -95.00006
-56 -123.0001
-65 -145.0001
-70 -159.0001
-73 -168.0001
-81 -188.0001
-86 -203.0001
-90 -210.0001
-94 -219.0001
-101 -235.0001
-108 -248.0001
-110 -255.0001
-115 -268.0001
-117 -272.0001
-118 -273.0001
-118 -274.0001
-118 -275.0001
-119 -276.0001
-119 -278.0001
-119 -279.0001
-119 -281.0001
-120 -282.0001
-120 -282.0001
-120 -282.0001
-120 -282.0001
1190 804.9999
3 -10.99988
3 -21
14 -50.99994
21 -68.99994
30 -91.99994
38 -107.9999
41 -112.9999
46 -128.9999
65 -171.9999
76 -202.9999
81 -220.9999
84 -228.9999
86 -233.9999
86 -235.9999
90 -240.9999
91 -244.9999
93 -248.9999
93 -251.9999
93 -254.9999
93 -255.9999
93 -255.9999
93 -256.9999
93 -257.9999
93 -257.9999
93 -258.9999
93 -258.9999
93 -258.9999
1181 824.0001
3 -14.00006
8 -27
12 -36
14 -43.00012
18 -55.00012
29 -85.00006
38 -102.0001
45 -115.0001
51 -126.0001
58 -138.0001
65 -152.0001
76 -174.0001
86 -195.0001
94 -208.0001
96 -215.0001
98 -219.0001
99 -221.0001
100 -225.0001
101 -227.0001
103 -231.0001
104 -235.0001
105 -239.0001
105 -240.0001
107 -248.0001
109 -255.0001
118 -294.0001
119 -302.0001
119 -303.0001
119 -303.0001
119 -303.0001
119 -303.0001
119 -303.0001
119 -303.0001
119 -303.0001
119 -303.0001
1159 828.9999
23 -31.99988
36 -60.99994
47 -91.99994
55 -113.9999
66 -138.9999
74 -160.9999
85 -181.9999
97 -203.9999
102 -214.9999
107 -226.9999
114 -244.9999
122 -259.9999
126 -265.9999
127 -270.9999
130 -274.9999
132 -277.9999
132 -278.9999
132 -279.9999
132 -279.9999
132 -279.9999
132 -280.9999
132 -280.9999
132 -280.9999
132 -280.9999
132 -280.9999
1091 645
5 7
49 7
108 7
126 7
132 7
136 7
141 7
146 7
160 7
179 7
182 6
184 6
185 5
186 5
186 5
186 5
186 5
186 4
186 4
1432 633
-17 9
-34 1
-39 -9
-49 -39
-49 -56
-49 -72
-49 -77
-49 -80
-49 -82
-46 -83
-45 -84
-44 -84
-41 -84
-30 -84
-14 -77
-3 -55
6 -35
11 -15
12 -9
12 -4
12 -1
12 4
13 8
13 10
13 9
11 -10
0 -47
-5 -67
-7 -80
-8 -91
-8 -95
-8 -99
-8 -102
-8 -103
-8 -105
-8 -107
-8 -107
-5 -107
3 -101
12 -93
22 -79
29 -67
34 -58
38 -52
39 -49
40 -47
41 -47
1164 860.0001
-4 -9
-4 -31.00012
-7 -55.00012
-12 -77.00006
-26 -126.0001
-40 -165.0001
-50 -189.0001
-66 -221.0001
-80 -249.0001
-87 -264.0001
-100 -283.0001
-107 -294.0001
-118 -311.0001
-129 -330.0001
-133 -340.0001
-135 -344.0001
-135 -344.0001
-135 -344.0001
-135 -344.0001
-135 -344.0001
-135 -344.0001
-135 -344.0001
-135 -344.0001
-135 -344.0001
-135 -344.0001
-135 -344.0001
1164 837
-3 -14.00006
20 -50.00006
59 -133
66 -156
73 -186
75 -200
79 -216
84 -235
85 -239
88 -246
90 -251
99 -274
107 -291
108 -294
109 -297
111 -300
113 -303
115 -305
118 -311
122 -317
126 -320
127 -321
127 -322
127 -322
127 -322
127 -322
1086 645
10 -2
47 -3
69 -6
78 -7
88 -8
96 -8
104 -9
108 -9
108 -9
108 -10
108 -12
1171 854.0001
13 -29.00006
32 -94.00006
43 -129.0001
60 -175.0001
77 -225.0001
88 -251.0001
92 -259.0001
95 -264.0001
98 -270.0001
118 -306.0001
125 -316.0001
129 -322.0001
130 -322.0001
130 -322.0001
130 -322.0001
130 -323.0001
130 -323.0001
130 -323.0001
130 -323.0001
130 -323.0001
130 -323.0001
1163 861
3 -24.99994
26 -72
35 -100
50 -139
57 -159
64 -182
68 -200
72 -214
74 -221
84 -256
89 -268
96 -286
104 -299
108 -304
110 -307
112 -309
114 -312
116 -314
118 -315
118 -317
119 -318
120 -321
121 -321
121 -322
121 -323
122 -323
122 -323
122 -324
122 -324
122 -324
122 -324
1153 855.9999
3 -18
22 -63
35 -87.99994
50 -122.9999
60 -145.9999
73 -172.9999
83 -198.9999
88 -210.9999
97 -232.9999
108 -252.9999
113 -261.9999
126 -291.9999
137 -310.9999
138 -315.9999
140 -316.9999
141 -317.9999
143 -320.9999
144 -322.9999
145 -322.9999
145 -322.9999
145 -322.9999
145 -322.9999
145 -322.9999
145 -322.9999
145 -322.9999
145 -322.9999
1169 855.9999
-5 -9.999939
-8 -25.99988
-21 -54
-34 -84.99994
-48 -114.9999
-58 -140.9999
-68 -157.9999
-83 -190.9999
-93 -220.9999
-98 -237.9999
-106 -259.9999
-114 -278.9999
-120 -292.9999
-125 -303.9999
-131 -316.9999
-136 -331.9999
-140 -339.9999
-140 -339.9999
-140 -340.9999
-140 -340.9999
-140 -340.9999
-140 -340.9999
-140 -340.9999
-140 -340.9999
-140 -340.9999
-140 -340.9999
1160 864.9999
4 -7.999878
14 -31.99988
34 -81.99994
51 -114.9999
63 -145.9999
76 -174.9999
84 -199.9999
91 -219.9999
101 -242.9999
111 -259.9999
118 -271.9999
128 -295.9999
131 -303.9999
136 -312.9999
137 -318.9999
138 -319.9999
139 -320.9999
141 -324.9999
142 -326.9999
143 -328.9999
144 -329.9999
145 -330.9999
145 -330.9999
145 -331.9999
145 -331.9999
145 -331.9999
145 -331.9999
145 -331.9999
145 -331.9999
1081 642
10 5
56 5
128 2
161 0
180 0
190 0
191 0
192 0
192 0
192 0
192 0
192 0
192 -1
192 -1
192 -1
192 -1
192 -1
192 -3
1194 915.9999
-3 -27
-15 -66
-30 -108.9999
-46 -151.9999
-64 -190.9999
-81 -223.9999
-96 -250.9999
-108 -275.9999
-121 -296.9999
-138 -331.9999
-152 -358.9999
-164 -380.9999
-172 -398.9999
-177 -407
-179 -411.9999
-180 -413
-180 -413
-180 -413
-180 -413
-180 -413
-180 -413
-180 -413
-180 -413
-180 -413
-180 -413
-180 -413
1125 924
2 -6.999939
19 -42
38 -81.99994
54 -119.0001
69 -153.9999
90 -196
109 -232
114 -245
120 -262
127 -280
131 -293
135 -305
143 -321
150 -337
157 -349
180 -394
182 -396
182 -397
182 -398
182 -399
182 -399
182 -399
182 -400
180 -400
178 -400
177 -402
1059 635
8 -3
27 -3
52 -3
75 -3
92 -3
118 -3
139 -3
158 1
176 2
199 2
213 2
220 2
226 2
229 2
231 2
232 2
232 2
232 2
232 2
1442 642
-28 12
-42 10
-51 -1
-59 -19
-67 -34
-72 -50
-74 -63
-75 -74
-75 -85
-75 -88
-75 -93
-75 -96
-75 -99
-75 -100
-75 -101
-75 -102
-74 -103
-70 -103
-67 -103
-54 -97
-41 -85
-38 -80
-32 -67
-28 -48
-25 -30
-22 -20
-20 -15
-19 -13
-16 -9
-11 -2
-5 14
-1 21
-1 21
-1 20
-3 -1
-8 -24
-14 -42
-19 -61
-24 -78
-26 -90
-26 -97
-27 -101
-27 -102
-27 -103
-27 -103
-27 -104
-27 -104
-16 -103
-6 -94
0 -85
4 -75
8 -67
9 -62
10 -58
10 -58
10 -58
1175 917.0001
-2 -17.00006
0 -37.00012
0 -61.00012
0 -85.00012
0 -103.0001
0 -120
0 -135
-5 -168.0001
-6 -181.0001
-10 -206.0001
-11 -230.0001
-11 -248.0001
-11 -264.0001
-11 -280.0001
-11 -298.0001
-11 -309.0001
-11 -320.0001
-11 -330.0001
-11 -338.0001
-10 -346.0001
-10 -348.0001
-9 -358.0001
-9 -364.0001
-9 -367.0001
-9 -368.0001
-9 -369.0001
-9 -369.0001
-9 -370.0001
-8 -370.0001
-8 -370.0001
-8 -370.0001
-8 -370.0001
1163 828
11 12.99994
24 15
40 18
55 20.00006
75 23.00006
91 24
129 23.00006
146 18
152 15
157 9.999939
162 3
167 -6.999939
168 -15.99994
168 -24
168 -32.00006
167 -42
162 -53.00006
157 -62
150 -68
141 -71
130 -74
123 -75
108 -78
91 -81
69 -85
49 -90
30 -92
20 -94
15 -94
10 -95
6 -96
4 -96
3 -96
3 -96
3 -96
3 -96
1161 723
4 9
20 9
45 13
62 13
80 14
93 14
105 14
130 11
150 2
159 -5
164 -14
169 -23
171 -35
173 -47
173 -61
173 -74
173 -91
166 -109
162 -115
149 -125
136 -133
110 -141
88 -144
62 -148
41 -149
31 -149
19 -149
9 -149
3 -149
-6 -149
-12 -149
-16 -149
-18 -149
-18 -151
1473 870
-3 -15
-3 -38.00006
-3 -107
-9 -157
-10 -187
-10 -209
-10 -225
-10 -238
-10 -246
-10 -249
-10 -252
-10 -255
-10 -257
-10 -264
-10 -287
-10 -293
-10 -296
-10 -297
-10 -297
-10 -297
-10 -297
-10 -297
-10 -297
1463 710
1 15
8 24
14 30
22 36
29 41
41 48
54 49
61 49
66 49
69 49
71 49
74 46
77 44
100 11
106 -2
107 -9
112 -38
114 -63
114 -73
114 -78
114 -82
112 -86
105 -93
95 -102
84 -110
72 -113
62 -115
43 -116
32 -117
22 -117
12 -117
3 -117
-5 -117
-11 -116
-16 -114
-18 -112
873 915
-29 -87.99994
-51 -186
-68 -270
-82 -336
-88 -392
