0.5581073
1.697392
2.032046
2.195177
1.892327
1.748116
1.776204
1.701823
1.68112
1.720061
1.702155
1.699016
1.721591
1.570238
1.681117
1.708633
1.656036
1.693296
1.693663
1.728985
1.762219
1.756165
1.750685
1.750381
1.584564
0.4498166
0.4348563
0.404525
1.018326
1.337391
1.341463
1.213575
1.19959
1.152673
1.095622
1.123932
1.128231
1.124571
1.168033
0.4701167
1.007908
1.635208
1.738571
1.135701
1.155439
1.164321
1.171982
1.218071
1.208218
1.189335
1.178417
1.215795
1.230462
1.195536
1.184144
1.11318
0.9331444
0.2830034
0.6838413
1.025158
1.567827
1.459249
1.260037
1.188751
1.26159
1.266438
1.328428
1.32715
1.257513
1.215339
1.235801
1.23735
1.233041
1.231489
1.231865
1.209868
1.234629
1.266391
1.161559
0.1230373
0.1972814
0.3487465
0.5595518
0.9686329
1.249075
1.432313
1.592159
1.617402
1.588749
1.376986
1.034273
0.4693324
2.131367
2.069693
2.027736
1.956301
1.917941
1.890556
1.898658
1.816091
1.621187
1.602914
1.527252
1.495161
1.445142
1.455415
1.460555
1.435466
1.39001
1.265106
1.134036
1.193142
1.276891
0.9398529
0.3068281
1.591714
1.85051
1.530584
1.490644
1.361462
1.444669
1.484001
1.58863
1.538352
1.443766
1.464496
1.466548
1.462753
1.43192
1.448726
1.418259
1.446262
1.475826
1.420038
0.9144629
0.375516
2.129899
2.106858
2.019542
2.131033
2.216988
2.367404
2.247963
2.177768
2.208982
2.188875
1.93106
1.768967
1.646672
1.661584
1.575413
1.572268
1.599591
1.598956
1.615728
1.622412
1.624764
1.604569
1.651044
0.8533832
1.673558
1.996709
1.910597
1.88925
1.954707
1.937233
1.95076
1.865298
1.748331
1.699022
1.633347
1.541326
1.537093
1.542351
1.565376
1.590121
1.531893
1.529589
1.57668
1.458135
1.404669
1.422184
1.378665
1.730445
0.7810928
1.394267
2.209555
2.078033
2.184338
2.145774
2.132509
2.126664
2.161694
2.287276
2.291375
2.301135
2.2156
2.181636
2.097898
2.050272
1.943206
1.967605
1.858986
1.956779
1.856885
1.88429
1.896248
1.951923
1.988016
1.97753
1.934214
1.8773
0.2009583
1.572083
1.771409
1.727444
1.777876
1.698242
1.62181
1.942678
1.978935
1.917775
1.898264
1.630247
1.578681
1.605746
1.604151
1.517213
1.489047
1.474237
1.434555
1.295184
0.2159363
0.7921749
1.504392
1.43025
1.357912
1.456251
1.851781
2.105943
1.94227
1.781779
1.885307
1.793164
1.851536
1.82369
1.878937
1.80399
1.798273
1.841236
1.779795
1.74729
1.750399
1.677679
1.727019
1.71784
2.710238
3.717041
3.41888
3.305798
3.306525
3.248789
3.280859
3.12681
3.062798
3.036183
3.032793
3.036546
2.979913
2.990931
2.991422
2.94779
2.93988
2.751697
0.7429166
1.394787
2.940967
3.747579
3.37309
3.269909
3.009129
2.93811
2.934362
2.854104
2.846692
2.846756
2.831788
2.782211
2.778738
2.771871
2.70524
2.418276
0.2960525
1.05105
2.480897
2.383037
2.122571
1.757071
1.721048
1.684841
1.685875
1.680066
1.704888
1.677302
1.642321
1.63372
1.604422
0.4273791
2.776164
2.628329
2.238725
1.78544
1.745338
1.758399
1.724756
1.755821
1.787588
1.730722
1.843891
1.802748
1.367225
1.104789
1.680654
2.122013
2.095161
1.796188
1.805774
1.734165
1.560693
1.640628
1.635388
1.620064
1.641385
1.674901
1.672301
1.648198
1.620401
1.485077
2.078625
2.209483
1.932932
1.983723
1.984456
2.052733
2.022949
2.071296
2.104781
1.893019
1.87438
1.840961
1.804092
1.781283
1.752443
1.684889
1.612198
1.51347
1.429565
0.4564161
1.373874
1.664933
1.650346
1.480035
1.407304
1.46405
1.434483
1.375865
1.322716
1.316025
1.281092
1.26512
1.273377
1.218708
1.212055
1.198813
1.163658
1.2844
1.931685
2.083853
1.865431
1.681291
1.539274
1.502854
1.468598
1.442158
1.41206
1.415807
1.462799
1.453399
1.371401
1.261
2.619748
2.677231
2.205331
2.137983
2.052947
1.988435
1.982829
1.998945
2.096706
2.195917
2.154569
1.957111
1.900724
1.211908
0.5453615
1.21822
1.493375
1.573321
1.639465
1.602308
1.573624
1.533979
1.565445
1.571725
1.586546
1.548666
1.52555
1.437029
1.481954
1.465576
1.438374
1.46979
1.460908
1.43885
1.453583
1.467466
0.8280211
0.3004408
1.632792
2.269428
1.703245
1.620327
1.495729
1.43832
1.355768
1.347321
1.387046
1.353533
1.295196
1.882329
2.365806
2.344505
2.155587
1.937262
1.860193
1.8144
1.772599
1.776142
0.655775
1.9681
2.390407
2.300178
2.187404
2.204389
2.125918
2.111966
1.952836
1.901818
1.912662
1.87087
1.825849
1.76387
1.717977
1.574997
0.6206661
1
1
1
1
1
1
0.3485068
1.210071
2.233617
2.428617
2.427144
2.210799
2.196883
2.029659
1.965544
1.902204
1.843994
1.800142
1.785005
1.781811
1.782142
1.754954
1.753361
1.704106
0.8170083
1.010783
1.471708
1.818392
2.26995
1.945474
1.692237
1.602616
1.520258
1.565447
1.64967
1.78063
1.742373
1.649995
1.590403
1.476777
1.451335
1.475588
1.496002
1.523105
1.540562
1.587775
1.60639
1.560029
1.161275
1.610192
2.169406
2.739509
2.668678
2.627154
2.423448
2.377912
2.381352
2.357228
2.353746
2.36746
2.344934
2.307872
2.276488
2.295258
2.2643
2.02347
0.8375895
1.224072
2.352552
2.532847
2.525518
2.39935
2.286044
2.210567
2.193786
2.180588
2.154244
2.096485
2.050552
1.976977
1.994831
1.955769
1.927443
1.974202
2.0168
1.992636
0.3296749
0.6497083
1.833903
2.210553
2.164876
2.073097
1.982548
1.90568
1.840222
1.765642
1.765295
1.62721
1.509021
1.395398
1.396627
1.425152
1.477635
1.476739
1.475519
1.47178
1.468851
1.482698
1.275465
0.5390834
1.29735
2.255379
2.498477
2.397059
2.250491
2.176519
2.268279
2.323009
2.324251
2.333373
2.363313
2.205579
2.127141
1.838446
1.817843
1.760287
1.765381
1.713221
1.685713
1.751814
1.688417
1.635508
1.41996
0.7131916
1.860359
2.461417
2.898483
3.458742
3.920158
3.830913
3.701665
3.268287
3.106899
3.132758
3.074028
3.054646
2.874529
2.897345
2.890675
2.83392
2.801046
2.909101
3.032826
3.126316
2.879287
0.9883834
1.441614
1.787925
2.211388
2.277966
2.203336
2.002106
1.756035
1.611043
1.55025
1.490553
1.475478
1.495044
1.439268
1.463681
1.462234
1.442936
1.472156
1.479727
1.434207
1.358886
0.8462372
0.8536312
1.787433
2.285958
2.682981
2.631629
2.461389
2.177081
1.87285
1.79587
1.755618
1.699185
1.648699
1.623435
1.583919
1.575332
1.527651
1.479243
1.360349
0.9439456
0.8319542
1.306808
1.762508
1.973358
2.064071
2.000846
1.968234
1.898996
1.889071
1.667572
1.697372
1.719743
1.61646
1.605106
1.903932
1.868241
1.921499
2.071523
2.080244
2.008945
2.097786
2.147675
2.088319
2.013711
1.604496
0.6453521
1.264892
1.775517
2.582867
3.071785
3.182217
3.145244
2.951254
2.759687
2.794311
2.749279
2.728597
2.709685
2.759471
2.723076
2.61172
2.546511
2.482075
2.421418
2.308146
2.245765
2.359374
2.500524
2.500151
2.377835
1.216636
0.808725
1.1519
1.545108
2.217767
2.205914
1.973062
1.839908
1.686171
1.59718
1.616183
1.643695
1.593979
1.428648
1.406987
1.383507
1.355082
1.322719
1.314909
1.379975
1.254211
0.5268786
0.9247125
1.756912
2.432414
2.610008
2.455253
2.194
2.218134
2.118522
2.162705
2.039898
2.075977
2.00597
1.594207
1.631465
1.561407
1.436116
1.41159
1.476557
1.486084
1.387176
1.32912
1.411888
1.318998
1.269658
1.233498
1.111018
0.7896367
0.5609141
1.329519
1.844092
2.268225
3.164805
3.09523
2.902462
2.778164
2.675163
2.627219
2.701454
2.661412
2.660857
2.691695
2.590893
2.606653
2.656326
2.511935
2.22089
0.5804353
2.170223
2.831954
2.865417
2.846376
2.740249
2.680637
2.542225
2.532889
2.451659
2.294548
2.332457
2.355556
2.330346
2.315274
2.310342
2.273387
2.230916
2.256939
2.254243
0.8662604
1.152267
1.563242
2.223292
2.832597
2.602014
2.606431
2.518627
2.434618
2.372389
2.350595
2.312367
2.33056
2.330437
2.291849
2.26718
2.265695
2.231961
2.143139
1.536827
0.5908792
2.126972
3.415124
2.842478
2.688983
2.702649
2.705784
2.664888
2.638899
2.610054
2.509981
2.404746
1.185704
0.8871333
1.385942
1.912717
2.505917
2.831862
2.711044
2.519924
2.139679
2.047364
2.014317
2.02298
2.042771
2.033393
2.028143
1.942213
1.906042
1.871514
1.869581
1.910034
1.904929
1.916448
1.946111
1.937969
1.863855
1.619438
0.6471834
1.655415
2.047717
2.457627
2.110285
2.114496
2.052795
2.038249
1.997823
1.912339
1.910567
1.908239
1.898472
1.89773
1.846299
1.856281
1.903751
1.942527
1.954047
0.859775
1.19655
1.484125
1.763175
1.977333
1.969988
1.754741
1.606534
1.472271
1.369778
1.343812
1.279161
1.320555
1.319715
1.279714
1.265208
1.253469
1.21315
1.192016
0.7458903
0.7174214
1.4443
2.557808
2.811155
2.576394
2.190099
1.691029
1.809787
1.910265
1.74675
1.67002
1.682428
1.66992
1.670917
1.676141
1.678558
1.678259
1.695144
1.660544
1.463489
0.4464783
0.9988473
1.269461
1.378202
1.547739
1.740524
1.946072
2.001562
1.606306
1.183697
0.9933518
0.5061916
0.771125
1.1061
1.701538
1.492542
1.363788
1.365714
1.386567
1.381039
1.387656
1.375637
1.373821
1.368953
1.360595
1.344333
1.340776
1.361881
1.156892
0.5543889
0.8769208
1.415669
1.638911
1.650165
1.683977
1.612011
1.585498
1.486256
1.496442
1.404091
1.423643
1.402763
1.397094
1.395009
1.386856
1.341437
1.283972
1.189321
0.7895373
0.1497166
1.018906
1.710007
1.869905
1.637455
1.55965
1.425013
1.29158
1.236426
1.205231
1.103319
1.071681
0.8940222
0.9226442
0.8636478
0.8803355
0.8893841
0.8421348
0.8299648
0.8306372
0.8378505
0.6578428
0.9332253
1.786662
2.084838
1.99398
2.005978
1.786787
1.777004
1.701914
1.622619
1.530771
1.460305
1.437276
1.309526
1.28801
1.277785
1.168149
1.191588
1.154841
1.228018
1.280694
1.274265
1.266155
1.263327
1.239178
1.212304
1.239905
1.14808
0.7795678
0.7256334
1.200125
2.102892
2.431829
2.46449
2.428203
2.390432
2.228908
2.163384
2.160542
2.15179
1.941304
1.50448
0.6098832
1.379083
1.847671
2.778367
2.840015
2.468231
2.253084
2.24669
2.046204
2.015378
1.984025
1.933273
1.884308
1.779977
1.794634
1.728662
1.675846
1.688009
1.691857
1.68409
1.708256
1.713269
1.716802
1.720491
1.936902
2.196622
2.317404
1.999911
0.1318297
0.5314208
0.640649
0.8021697
0.879518
0.6238253
0.4054465
0.6684471
0.9485882
1.165288
1.518899
1.429833
1.038364
1.02473
1.021816
1.020707
1.005491
0.9558042
0.92206
0.8511869
0.7297496
0.7249087
0.2944836
0.5938529
0.8243082
1.1624
1.448283
1.829059
1.859657
1.844952
1.827391
1.790528
1.793401
1.665199
1.626359
1.592273
1.580952
1.548958
1.541035
1.552766
1.376961
0.6960087
0.1864019
0.2840051
0.603713
1.523535
1.807358
1.913749
1.967144
2.002444
2.014835
1.964005
1.864711
1.679608
0.5772822
0.2500034
0.9173391
1.561054
1.979654
2.024399
1.993514
1.908091
1.698546
1.603864
1.494375
1.407745
1.43412
1.41495
1.351003
1.233377
1.196045
1.133519
1.14523
1.142933
1.154121
1.096432
0.8413418
0.7925083
1.252208
2.200084
2.383127
2.456322
2.145214
2.134348
2.030132
2.028706
1.890253
1.855034
1.756928
1.820491
1.781804
1.713188
1.89005
1.85206
1.776017
1.785506
1.79447
1.49847
0.4329
0.7902583
1.156321
2.18365
2.228067
2.375777
2.229915
2.270936
2.281998
2.328059
2.310906
2.309992
2.258668
2.254339
2.458451
2.529887
2.50114
2.472955
2.488825
2.510091
2.483186
2.458704
2.378573
0.3104253
0.4777649
0.5891727
0.6676066
0.7709028
0.8382472
0.8250758
0.8866163
0.9142326
0.8009096
0.7152429
0.7239516
0.6909477
0.6903242
0.6957282
0.6972167
0.6719702
0.6583353
0.5531115
0.218103
0.2356721
0.7842482
1.094193
1.19733
1.348903
1.465654
1.433294
1.430993
1.46854
1.494279
1.477439
1.39486
1.32228
1.223122
1.27286
1.355068
1.408927
1.412932
1.412558
1.442424
1.47319
1.481855
1.504978
1.409239
0.6969187
1.014542
1.620195
1.675923
1.330258
1.316354
1.278944
1.227395
1.191819
1.226744
1.261143
1.272692
1.275412
1.269444
1.278139
1.27769
1.288561
1.33986
1.287278
1.208138
0.139127
0.2717656
0.3406699
0.7228312
1.270592
1.519719
1.49344
1.499371
1.539022
1.529222
1.480021
1.374845
1.300142
1.251048
1.295049
1.307832
1.314916
1.237025
1.204435
1.154792
1.08856
0.9685687
0.9685166
1.121379
1.219985
1.289898
1.23985
1.264816
1.172758
1.109552
1.171255
1.273398
1.297229
1.33556
1.254792
1.210497
1.196875
1.127379
1.126936
1.315887
1.250526
0.8734524
0.6587889
0.1316156
0.1297273
0.2160637
0.3128203
0.4034654
0.461157
0.4777034
0.480608
0.4683894
0.3041453
0.6530533
0.9821509
1.400111
1.52909
1.602725
1.592679
1.551745
1.548614
1.500673
1.544968
1.59524
1.579009
1.524386
1.517919
1.484513
1.464553
1.370397
1.371869
1.422215
1.386392
1.330729
1.303768
1.303421
1.310969
1.184589
1.035749
1.081453
1.225962
1.337054
1.264057
0.547875
0.9796167
1.448308
1.594327
1.66388
1.766322
1.591599
1.490124
1.495773
1.429021
1.403706
1.378574
1.406449
1.484713
1.431359
1.393
1.400485
1.22715
0.1320994
0.7992002
1.696462
1.972456
2.141482
2.07004
2.034202
2.044838
2.033945
2.00888
1.932155
1.885203
1.739957
1.731052
1.679847
1.59866
1.561081
1.503267
1.431298
1.370092
1.367356
1.283736
0.3301248
0.8099896
1.093371
1.426683
1.609605
1.557982
1.289697
1.242224
1.310578
1.169778
0.8153417
1.065644
2.268792
3.049417
2.892186
3.126849
2.948631
2.817998
2.681485
2.556061
2.408907
2.504329
2.646273
2.814099
2.790745
2.817236
2.803952
2.726082
2.820864
2.757511
2.715155
2.426132
0.715375
1.137459
1.274402
1.776011
1.859296
1.856303
1.839948
1.770194
1.700344
1.653885
1.643621
1.653238
1.616059
1.591341
1.586595
1.518779
1.458156
1.369471
0.568203
0.3333333
0.9367501
1.469058
2.37685
3.352436
2.547227
2.420324
2.278458
2.150986
2.066226
2.046956
2.039405
2.002354
1.983036
2.008784
2.02619
1.997782
2.005096
2.063135
2.053086
2.050548
1.918076
1.560719
1.310575
1.762499
1.969049
1.90984
1.80561
1.736583
1.700344
1.695751
1.707373
1.697558
1.727445
1.761803
1.759613
1.711547
1.693363
1.672666
1.59055
1.559915
1.363053
1.106462
1.688067
2.167229
2.567192
2.977754
2.726239
2.790219
2.769044
2.774727
2.744123
2.64823
2.694103
2.627499
2.559882
2.494902
2.493648
2.446602
2.455104
2.449349
2.409685
2.378552
2.406424
2.378032
2.149998
0.8050749
1.167217
1.409592
1.962331
2.514015
2.825884
2.904669
2.812691
2.688249
2.821817
2.689116
2.537208
2.574177
2.574958
2.517244
2.490076
2.468609
2.41874
2.379193
2.203794
1.052507
0.7843457
2.5255
3.419091
3.229725
3.024671
2.496328
2.113145
1.908033
1.855925
1.764532
1.68165
1.638221
1.741383
1.76042
1.714596
1.776663
1.760573
1.709188
1.777645
1.930586
1.939678
1.815408
1.795961
0.5527916
0.9472125
1.431375
2.209648
2.722756
2.84371
2.671812
2.376965
2.304676
2.185036
2.07056
1.928365
1.986127
1.906237
1.89354
1.869037
1.822023
1.914666
1.932073
1.948343
1.964329
2.077343
2.112314
2.000279
1.917766
1.8666
1.783179
0.4519166
0.8970417
1.732658
2.407795
2.664712
2.480839
2.550931
2.568413
2.550454
2.473237
2.482921
2.478581
2.477502
2.497066
2.483781
2.501082
2.535621
2.538089
2.50766
2.334576
0.7375813
1.789375
2.173773
2.231138
2.225945
2.113132
2.190137
1.913751
1.984863
1.995794
2.074578
2.125613
2.137135
2.136713
2.134246
2.133658
2.109394
2.080551
2.037915
1.852001
0.2058333
1.2255
1.68289
1.922766
2.048517
2.079309
2.044286
2.007756
2.008093
1.966087
1.965059
1.897476
1.940108
1.947219
1.909227
1.876915
1.888747
1.89059
1.932016
1.909419
1.892098
1.880363
1.876876
1.876706
1.866124
1.798795
1.194179
0.582075
0.860675
1.026076
1.416248
1.863889
1.94588
1.949765
1.84296
1.726707
1.675722
1.586518
1.573605
1.569864
1.572074
1.518618
1.497739
1.421722
1.404678
1.099961
0.9052573
1.981462
3.066752
2.8289
2.500736
2.205791
1.961552
1.792258
1.757387
0.6931492
0.9512661
0.6341137
0.4061126
0.636505
1.158511
1.271505
1.505779
1.650272
1.642967
1.643612
1.640334
1.590767
1.536186
1.483272
1.412352
1.09274
0.577401
0.3333333
0.7296946
0.9339415
1.369596
1.568396
1.525009
1.409499
1.361101
1.366834
1.345031
1.3357
1.318795
1.259631
1.209943
1.189152
1.156874
0.9984589
0.9580673
0.9898766
0.5107084
1.261525
1.576975
1.804373
1.648552
1.637869
1.521987
1.424196
1.348537
1.378964
1.329777
1.303737
1.280574
1.28551
1.242086
1.187675
1.186677
1.168724
1.004997
0.361725
0.8630916
2.375829
2.332803
1.981587
1.85161
1.717909
1.566792
1.429116
1.3539
1.352595
1.351887
1.35462
1.405222
1.559371
1.604176
1.557805
1.599893
1.427211
0.8229582
1.000165
1.316342
1.451186
1.717836
1.866208
1.854893
1.807777
1.724194
1.611097
1.600947
1.597381
1.542019
1.539343
1.497169
1.461218
1.435147
1.380634
1.372625
1.364608
1.229613
0.4900311
0.7455254
0.7708192
0.8800522
1.119781
1.19494
1.164477
1.011774
0.9149933
0.8389445
0.7810941
0.7719083
0.7877669
0.7819821
0.7738535
0.7734137
0.7729883
0.7422656
0.6955545
0.5457032
0.5502999
1.800013
1.909607
1.741131
1.744077
1.731813
1.605931
1.485889
1.401288
1.382424
1.364402
1.349518
1.244024
1.239371
1.205266
1.214243
1.214563
1.198375
1.278355
1.481468
1.502026
1.426074
1.246325
0.2878829
1.024917
1.37575
1.715691
1.810626
1.764773
1.644603
1.490132
1.475658
1.450839
1.366407
1.325467
1.290104
1.292652
1.226782
1.203358
1.186862
1.218365
1.222891
1.235422
1.232785
1.190229
1.05505
0.2954642
0.6199934
0.7922178
1.49685
1.69153
1.385247
1.193209
1.12256
1.112371
1.103813
1.059586
0.9886421
0.9249723
0.8886966
0.8422813
0.8454468
0.842302
0.821749
0.8168327
0.8686699
0.8788506
0.7960513
0.743756
0.4260028
0.6987833
0.7849991
1.302498
1.373552
1.32319
1.269899
1.276911
1.27935
1.272432
1.30361
1.286516
1.25974
1.238587
1.137974
0.4281083
0.776125
1.07685
1.322858
1.575044
1.869598
1.790467
1.751383
1.755231
1.747697
1.72505
1.6715
1.582766
1.521831
1.510652
1.482568
1.436123
1.420685
1.417953
1.417948
1.422527
1.409086
1.388347
1.320059
0.6181666
0.772037
0.94963
1.17928
1.775006
1.985344
1.97195
2.029318
1.92842
1.880388
1.8807
1.852377
1.767399
1.728138
1.666538
1.655438
1.624845
1.564245
1.574237
1.57688
1.438516
0.7283693
0.6202333
1.128795
1.888279
2.08277
2.105393
1.983692
1.908511
1.836861
1.515654
1.607103
1.725597
1.639234
1.490767
1.387644
1.405053
1.379821
1.368961
1.408613
1.398608
1.454209
1.477133
1.450262
1.485913
1.412034
0.4338673
0.8238364
1.094145
1.573113
1.709051
1.755909
1.686661
1.588596
1.518975
1.513327
1.506101
1.507135
1.498503
1.485001
1.48212
1.481336
1.46393
1.424711
1.361509
0.4844368
0.8964558
1.54237
1.660186
1.695376
1.66867
1.652111
1.547381
1.326275
1.33625
1.335457
1.330395
1.304393
1.302112
1.296415
1.272658
1.234597
1.167605
0.3489666
0.5308765
0.7814214
0.9911392
1.315888
1.452611
1.555909
1.559362
1.565346
1.57602
1.526738
1.500491
1.501525
1.489298
1.440924
1.406868
1.3976
1.339378
1.306882
1.307309
1.308475
1.168719
0.5014624
0.9944412
1.137218
1.466329
1.155551
1.054508
1.053281
1.02464
0.9140746
0.7446507
0.7934043
0.7889292
0.8225726
0.8297665
0.8849024
0.9024923
0.9188002
0.9946201
0.9898736
0.9965919
0.9893121
0.7780046
0.2362708
0.5058459
0.6406194
0.8805158
1.504633
1.941492
1.924736
1.992645
1.935986
1.834869
1.805527
1.761642
1.635436
1.61758
1.623652
1.597543
1.619468
1.622435
1.499024
1.381187
0.9168037
0.4924333
0.9110667
1.193692
1.968322
1.89834
1.755765
1.683711
1.608311
1.585997
1.525078
1.479853
1.427345
1.370909
1.364996
1.340421
1.34078
1.355318
1.363627
1.357148
1.338902
1.311177
0.3172582
0.67825
0.9079501
1.150185
1.495334
1.875114
2.021288
1.965275
1.882701
1.875329
1.860772
1.850842
1.767433
1.739261
1.739038
1.739781
1.68269
1.586584
1.558388
1.557608
1.527273
1.488878
1.439033
1.438516
1.369442
1.295586
1.228561
0.1161078
0.3078929
0.8215522
1.422333
1.676262
1.744199
1.455845
1.386276
1.345716
1.377037
1.343753
1.308763
1.241388
1.230076
1.201624
1.217791
1.228279
1.176191
1.245754
1.260229
1.230907
1.217255
1.245595
0.5200884
0.7904583
1.199408
1.452983
1.887747
1.828727
1.824959
1.771364
1.730609
1.666942
1.574955
1.597866
1.561901
1.529535
1.493566
1.507961
1.502107
1.496939
1.489426
1.442819
1.435509
1.422318
1.33938
0.9354383
0.1923821
1.3519
1.84807
2.106673
2.197085
2.209202
2.086905
1.991704
1.991012
1.964898
2.032927
2.010435
1.915392
1.90379
1.833753
1.822137
1.774507
1.710159
1.712499
1.657802
1.648518
1.672957
1.607444
0.4393249
1.066892
1.732958
1.985423
2.145442
2.110036
1.980927
1.885405
1.808922
1.768526
1.755908
1.67716
1.628421
1.482442
1.486411
1.499587
1.549727
1.612838
1.608061
1.59541
1.594292
1.60956
1.615597
1.538271
0.5592278
1.185028
1.369501
1.298995
1.287106
1.310982
1.282223
1.194951
1.161063
1.120425
1.107308
1.08994
1.081189
1.038235
1.031355
1.033571
0.9879465
0.9378138
0.4941672
0.1342835
0.3934566
0.829703
1.099059
1.393423
1.42605
1.375793
1.318752
1.252542
1.272674
1.162255
1.074132
1.080316
1.057788
1.044172
1.054936
1.051412
1.031242
1.016833
0.9806284
0.7151173
0.4412584
1.393632
1.698251
1.367629
1.285271
1.275134
1.157822
1.13563
1.117555
1.078442
1.052346
1.044136
1.071139
1.021083
0.9829552
1.011292
1.016652
1.012485
0.9990079
0.9874945
0.9645303
0.6881237
0.331859
1
1
0.4325708
1.231375
1.6446
1.911775
1.995411
2.056511
2.133183
2.040019
2.000321
1.918577
1.932742
1.958781
1.954448
1.633722
1.497986
0.8715083
1.231375
1.6446
1.911775
1.995411
2.056511
2.133183
2.040019
2.000321
1.918577
1.932742
1.958781
1.954448
1.633722
1.497986
0.4746853
0.7241729
1.256784
1.380947
1.413713
1.376618
1.381154
1.388454
1.383427
1.443183
1.355988
1.301284
1.367936
1.363902
1.3636
1.348118
1.344443
1.379963
1.395719
1.444879
1.164269
0.7270125
1.791442
2.662717
2.538836
2.395303
2.434926
2.404592
2.399507
2.378031
2.311775
2.281493
2.235316
2.317925
2.348874
2.377499
2.387984
2.391244
2.343607
2.290098
2.230962
1.602379
0.7742275
1.339125
1.688917
2.016479
2.399994
2.248278
2.135838
2.054545
1.989069
1.914442
1.893756
1.876699
1.808921
1.78079
1.772979
1.767703
1.776383
1.733226
1.717401
1.716946
1.719714
1.717656
1.08606
0.5132833
1.119077
1.767967
2.141317
2.836572
2.999739
3.058738
3.001527
2.969495
2.860738
2.885097
2.946285
2.877874
2.740648
2.712364
2.675154
2.612431
2.62359
2.686824
2.622566
2.605116
2.600776
2.232082
0.7351416
0.996375
1.398142
1.886575
2.464117
2.694999
2.613786
2.363819
2.033287
1.724166
1.686153
1.764596
1.719705
1.741296
1.757908
1.705866
1.722289
1.751959
1.747656
1.758227
1.71921
0.7166542
1.596092
2.508287
2.293013
2.221997
2.128924
2.171211
2.081674
2.041273
1.927986
1.923235
1.890227
1.846841
1.83152
1.863335
1.805645
1.815879
1.788159
1.743269
1.735197
1.744449
1.477322
1.199091
0.4459499
0.4790118
0.151502
0.5607834
0.6677097
0.6126711
0.6872076
0.848604
0.8646936
0.8164674
0.3373007
0.3354982
0.3973007
0.4538813
0.4530013
0.4835967
0.4463859
0.4513046
0.3804064
0.3230208
0.05720202
5.251566E-05
0.7966093
0
0.2682638
0.2355254
0.2524235
0.3337022
0.2279535
0.2684264
0.2400085
0.2365384
0.2662179
0.2708873
0.2672403
0.2728587
0.2401721
0.1995026
0.122352
0.2881497
0.8311625
1.283508
1.856233
2.210037
2.345873
2.359482
2.350773
2.087779
2.0288
2.070821
2.135124
2.135631
2.136341
2.053678
2.10296
2.026589
2.051005
2.065636
1.885564
1.772614
1.769951
1.857334
1.93033
1.766506
0.220534
1.533633
2.418586
2.100832
1.939156
1.783558
1.525489
1.541901
1.649354
1.822092
1.817533
1.829657
1.804731
1.793508
1.769704
1.76342
1.774687
1.839503
1.851262
2.046283
2.154417
1.973147
1.249071
0.8327667
2.386121
2.506543
2.606835
2.540668
2.641534
2.569205
2.483394
2.611001
2.638946
2.989449
2.707158
2.142437
2.140952
2.124075
2.189223
2.079783
1.947928
1.973062
1.995534
2.135557
2.139316
2.137358
2.128732
2.127069
2.084609
2.036378
2.035479
1.810437
1.224633
0.7070541
0.8768833
2.132425
2.945397
2.834273
2.632542
2.619825
2.614852
2.685542
2.7435
2.746842
2.758636
2.760281
2.724478
2.712075
2.640114
2.632663
2.648023
2.628081
2.622035
2.559187
2.495926
2.451613
2.424923
2.095393
1.389675
2.690284
3.155651
3.122112
3.060588
3.025486
2.988182
2.957278
2.88921
2.856688
2.720573
0.4538625
1.439814
2.484861
2.517882
1.980675
1.896402
1.900208
1.814909
1.801028
1.700352
1.728622
1.66713
1.535579
1.554237
1.613107
1.659918
1.779991
1.761757
1.773927
1.809014
1.827536
1.804085
2.216931
2.556925
1.89496
0.6062554
1.162883
1.93165
2.493492
2.680489
2.45415
2.375356
2.24235
2.01318
1.881385
1.83962
1.745293
1.61949
1.630467
1.568761
1.590938
1.575426
1.546497
1.601118
1.598665
1.553576
1.246332
0.9255916
1.3354
1.620992
1.834114
1.965727
1.779024
1.621778
1.583416
1.530524
1.481094
1.430319
1.442994
1.358276
1.332646
1.321144
1.291788
1.274857
1.277273
1.241158
1.174314
0.9985732
0.4222409
0.9948541
1.266267
2.030483
2.768515
2.790698
2.504615
2.316741
2.197321
2.172496
2.181394
2.173372
2.089458
2.105054
2.082571
1.996764
1.918936
1.811433
1.669211
1.359879
0.8136583
0.483086
0.7864901
1.423404
1.486877
1.377932
1.18132
1.095294
1.132249
1.151674
1.180498
1.07763
1.057526
0.9266766
0.9577952
0.9379767
0.9457063
0.95867
1.002878
1.016926
0.9691748
1.012477
1.012717
0.8512251
0.9286334
1.210483
1.678019
1.87789
1.980548
2.045368
2.00274
1.949182
1.890841
1.835217
1.783382
1.685041
1.576808
1.559077
1.562739
1.613655
1.576578
1.523171
1.542421
1.560058
1.544778
1.530534
1.357836
0.7507069
1.764781
1.920007
1.82802
1.713345
1.639918
1.621885
1.629209
1.597413
1.556968
1.554317
1.527956
1.509561
1.51871
1.594725
1.536245
1.435336
1.088582
0.4513336
0.7385049
1.462713
1.481378
1.462083
1.454022
1.340984
1.262469
1.232955
1.212392
1.160298
1.159305
1.152658
1.153285
1.150571
1.196945
1.227012
1.301305
1.372424
0.9273255
0.9341157
1.409814
1.816902
2.001118
1.963102
1.827597
1.800887
1.732937
1.642128
1.628311
1.597605
1.621234
1.580968
1.572444
1.575041
1.539317
1.52984
1.531506
1.527724
1.342142
0.4670416
2.043742
1.942042
1.776268
1.600006
1.471023
1.415472
1.36907
1.346678
1.343251
1.302736
1.294295
1.355629
1.376648
1.362999
1.264683
1.214372
1.247675
1.176498
1.036221
0.4869778
1.135928
1.976602
1.81746
1.671185
1.633854
1.225509
1.208503
1.246321
1.317032
1.351756
1.389118
1.380796
1.315016
1.300478
1.289013
1.276951
1.274872
1.223985
1.249532
1.470233
1.550776
1.041481
0.6489077
1.307728
1.428911
1.219957
1.14085
1.065389
1.00576
1.093036
1.087563
1.11628
1.118205
1.005463
0.965425
0.9405919
1.004658
1.028108
1.075057
1.103064
1.210374
1.232228
1.130536
1.107889
0.9029459
1.1352
1.513173
1.836775
2.095208
2.171048
1.820523
1.729155
1.709494
1.642633
1.631299
1.593789
1.599363
1.522633
1.571169
1.57263
1.572781
1.54317
1.532164
1.510125
1.48974
1.488213
1.406044
0
0.1827151
0.2661582
0.2874137
0.3134663
0.4297661
0.4515526
0.4579001
0.4591929
0.4209545
0.3226195
0.2753129
0.3279416
0.367084
0.3026374
0.2337462
0.2997303
0.3736693
0.8551157
1.397313
1.561514
1.511652
1.537018
1.563398
1.5593
1.505617
1.558165
1.539827
1.478909
1.331498
1.300267
1.298352
1.366835
1.313298
1.279556
1.272202
1.304383
1.154891
0.8408955
1.725512
2.023883
2.392814
2.264543
2.056106
2.081159
2.138172
2.249837
2.303837
2.334834
2.320672
2.29812
2.223309
2.380317
2.432887
2.359283
2.149048
2.056617
2.041788
1.986252
2.051548
1.866474
1.878794
1.969885
1.923369
1.899125
1.83208
1.066032
0.3103769
1.950402
2.325268
2.153889
2.078518
2.112275
2.120301
2.077764
2.038731
2.042958
2.079667
2.018293
1.586969
0.76515
1.1375
1.558925
2.442624
2.336373
2.212079
2.252896
2.268084
2.246939
2.111908
2.026249
2.014998
1.966389
1.928943
1.936989
1.966263
1.953679
1.820055
1.766924
1.818348
1.7796
1.487968
0.4316643
0.7120103
0.9893
1.224692
1.540313
1.63415
1.416351
1.373952
1.374926
1.367126
1.333942
1.315879
1.319189
1.32534
1.322906
1.304434
1.242085
1.184765
0.7961113
0.8746999
1.035779
0.9616591
1.298835
1.3149
1.479112
1.459542
1.511222
1.520306
1.306913
1.325061
1.198856
1.0486
0.9641978
0.9749818
0.9686544
0.9031221
0.9741457
0.8937248
0.9059607
0.7261311
0.6353911
0.7538458
1.004609
1.114856
1.258887
1.355122
1.322084
1.2735
1.187748
1.218858
1.204767
1.180565
1.16942
1.133837
1.115184
1.100399
1.120899
1.196136
1.285378
1.364412
1.435922
1.562991
1.615659
1.109309
0.6416565
1.308958
1.684216
1.729069
1.801607
1.786864
1.809388
1.815754
1.820115
1.819732
1.77845
1.746729
1.531318
0.9361916
0.2898089
0.6165832
0.8824999
1.491192
1.975759
2.036746
2.131018
2.122746
2.082372
2.021719
1.981918
1.973971
1.916189
1.911239
1.967369
1.982319
1.960417
1.949795
1.956371
1.934404
1.919056
1.903369
1.891189
1.863797
1.799202
0.9592413
0.5468251
0.7914667
1.130717
1.401067
1.599451
1.733519
1.823372
1.83549
1.819612
1.758407
1.766682
1.678209
1.67362
1.761609
1.761444
1.829174
1.821689
1.842355
1.867656
1.880966
1.882349
1.88604
1.857244
1.795074
1.833323
1.700267
1.695764
1.758247
0.5676388
0.5088999
0.5119499
1.019092
1.395833
1.745092
2.159726
2.089574
1.829559
1.688903
1.53002
1.386366
1.392666
1.349539
1.311832
1.288692
1.263177
1.25301
1.221949
1.014903
1.150092
1.571171
1.888233
2.227025
2.620002
2.630239
2.447309
2.137567
2.040673
1.992686
2.036084
1.960504
1.95597
1.931714
1.93621
1.862031
1.852662
1.835114
1.781384
1.761687
1.618164
0.8743774
0.716333
1.134792
1.432175
1.796254
1.856852
1.760051
1.644625
1.676989
1.700504
1.753025
1.683051
1.613636
1.648182
1.495613
1.450394
1.460832
1.416136
1.397469
1.390467
1.393788
1.355378
1.245342
0.8351106
0.6961166
2.078792
2.596302
2.810844
2.791877
2.823045
2.640597
2.562344
2.562749
2.558422
2.593584
2.55429
2.489865
2.471376
2.446166
2.445549
2.386137
2.372999
2.392715
2.217619
1.191043
0.601391
0.9434459
1.278017
1.802592
1.599376
1.526124
1.434597
1.357586
1.339726
1.291023
1.28686
1.302494
1.262802
1.271194
1.17084
1.122481
1.006779
1.017509
1.014817
0.9695071
0.899308
0.9285498
0.9353554
0.9071779
0.9207793
0.8722927
0.6412588
0.9248234
1.103786
1.066349
1.52399
1.530788
1.605752
1.622393
1.646682
1.654675
1.59483
1.544114
1.547525
1.376142
1.272457
1.164211
1.118546
1.021609
1.044169
1.16948
1.31599
1.44341
1.340396
1.292624
1.419045
1.554775
1.843671
2.081726
2.005036
1.796874
1.160636
0.7622833
1.121708
1.358392
1.596942
1.857217
2.220991
2.280469
2.084081
1.949856
1.839423
1.75395
1.740533
1.614187
1.606337
1.520161
1.515344
1.574033
1.531994
1.480611
1.422161
1.269491
0.6854547
0.8364916
1.100308
1.492367
1.76
1.464662
1.231782
1.188058
1.140733
1.137226
1.042389
1.110222
0.6670603
0.7008809
0.6415911
0.3878296
0.3276773
0.334579
0.4233555
0.4749802
0.4704517
0.5299128
0.6175488
0.7066349
0.8554423
0.9022192
0.07385623
0.4452188
1.003875
1.994842
2.364059
2.641639
2.610659
2.625143
2.451502
2.386832
2.350844
2.324947
2.291948
2.213068
2.121859
2.121167
2.063178
2.040604
2.085117
2.04803
2.018698
2.054395
2.190899
2.417167
2.45668
2.260475
2.215201
1.950181
1.336225
1
1
1
1
1
0.945739
0.6449586
0.4107986
0.4413886
1.299117
1.891442
1.875745
1.724815
1.783427
1.702544
1.577852
1.639524
1.440121
1.329733
1.319227
1.281186
1.281956
1.298898
1.271375
1.252763
1.235473
1.191532
0.8360335
0.6698448
0.9621499
1.93995
2.011676
1.992062
1.803893
1.675658
1.572777
1.588143
1.564105
1.563287
1.538242
1.580999
1.789231
1.816138
1.935218
1.888374
1.889167
1.966205
2.067699
2.109326
2.052461
2.0118
1.903726
1.087212
1.448733
1.822892
2.039742
2.265562
2.20193
2.168809
2.025083
1.935459
2.006316
2.077435
2.083875
2.0619
2.006942
1.964604
1.906772
1.913831
1.898276
1.952157
1.990747
1.996578
2.054253
2.046381
1.657083
0.3649499
1.9255
2.646998
2.65147
2.529111
2.443868
2.364381
2.296276
2.257062
2.239915
2.194541
2.116618
2.10035
2.07171
2.000374
2.011501
1.980409
1.987046
2.105385
2.365134
2.435685
2.325455
2.288464
2.319689
2.257511
0.8378417
1.497811
1.954422
1.950247
1.920114
1.832551
1.722345
1.656846
1.599863
1.578899
1.55423
1.521972
1.54865
1.496434
1.565851
1.570886
1.553134
1.563478
1.529082
1.527563
1.553701
1.443097
1.42713
1.373302
0.6126782
1.153629
1.444083
1.736217
2.084604
2.132906
2.10211
2.158862
2.160079
2.172126
2.128948
2.020439
1.909721
2.002875
1.904297
1.758967
1.514728
1.517062
1.507996
1.469161
1.404784
1.367198
1.368833
1.349394
1.239807
0.8336361
0.7941779
0.4932916
1.542823
1.903091
1.929106
1.8739
1.823375
1.75992
1.708263
1.912654
1.859784
1.824427
1.70739
1.716903
1.683005
1.678121
1.61603
1.615755
1.568117
1.553041
1.535219
1.393305
0.6652498
1.004667
1.659475
1.985048
1.643861
1.462323
1.452259
1.417441
1.47111
1.454193
1.444096
1.46026
1.464786
1.412018
1.326603
1.224899
1.20021
1.177871
1.182789
1.183144
1.203105
1.216488
1.222395
1.234795
1.237109
1.2136
1.017951
0.9843251
1.360033
1.734892
2.494888
2.381683
2.279108
2.183076
2.162415
2.141433
2.228035
2.190289
2.1659
2.093436
2.080953
2.055444
2.071346
2.089296
2.10796
2.083238
2.121116
2.156102
2.165999
2.156853
1.53367
0.2645238
0.3782749
0.6679
2.337856
2.328237
2.093161
2.045839
1.997097
1.742816
1.768954
1.776089
1.785146
1.786565
1.911059
1.938468
1.927362
1.913167
1.898441
1.82571
1.879783
1.835029
1.363258
0.6849
1.58865
3.00735
2.966147
2.955258
2.917839
2.771715
2.722243
2.695382
2.663107
2.603861
2.566166
2.518593
2.464175
2.055664
0.3767541
0.9300334
1.859562
2.420449
2.711039
2.787654
2.779349
2.76242
2.680399
2.595173
2.610262
2.548961
2.544068
2.512584
2.483577
2.469781
2.407722
2.401672
2.380657
2.303661
2.025885
0.511875
0.8287375
1.428075
1.866958
2.26162
2.50092
2.221553
2.227705
2.253957
1.999843
1.632963
1.226647
0.2997738
0.7160972
1.289692
1.860958
1.671586
0.5877913
0.9197679
1.261608
1.4969
1.407198
1.099915
0.596675
0.9655167
1.744161
1.099139
0.9076491
0.9358196
0.9087713
0.841556
0.8104139
0.7658768
0.5716757
0.5348883
0.5783374
2.012883
1.538643
0.8028921
0.8824742
1.651244
1.356227
0.9567593
0.583925
0.4437391
0.6248473
0.745105
0.7775014
0.2258411
0.5449562
0.5300499
0.6307592
0.4404532
0.4748077
0.3383873
0.2932344
0.2734374
0.5777686
0.1501986
0.3167594
0.3455624
0.1086758
0.4348419
0.3184025
0.3833326
0.4005475
0.3948849
0.6211848
0.4063708
0.5119813
0.6050373
0.5393664
0.7198375
0.5114942
0.5492326
0.5380405
0.4769279
0.476941
0.5108293
0.5563067
0.6347269
0.6494419
0.3564124
0.7788677
1.359256
1.251954
1.462442
1.614734
1.686967
1.765468
1.940665
1.848657
1.983506
1.819698
1.816833
1.851959
1.820084
1.736695
1.614893
1.513173
1.937055
1.816615
1.913031
1.80965
1.815364
1.70489
1.558758
1.565712
1.641416
1.61321
1.566974
1.522755
1.633067
1.729206
1.7931
1.819735
1.854301
1.760582
1.741197
1.701763
1.648977
1.807084
1.856023
1.803056
1.769391
1.75538
1.75397
1.647682
1.687861
1.732745
1.711759
1.739372
1.688475
1.746027
1.698155
1.655357
1.761576
1.631762
1.631153
1.584679
1.590813
1.607093
1.685063
1.727671
1.725848
1.739405
1.68992
1.69786
1.631294
1.595748
1.613774
1.692173
1.632506
1.613856
1.61788
1.716572
1.631899
1.512415
1.423693
1.434066
1.459595
1.555129
1.68532
1.685432
1.678301
1.669072
1.657249
1.679569
1.683271
1.672027
1.617331
1.676062
2.001435
1.790491
1.424373
1.457193
1.531915
1.5943
1.569479
1.573373
1.696476
1.811522
1.906287
1.890379
1.859829
1.750242
1.812831
1.848355
1.837299
1.718622
1.763975
1.737355
1.733756
1.794165
1.865068
1.750186
1.732502
1.830828
1.921301
2.031766
2.068343
1.996871
2.1543
2.191089
2.122994
2.057505
1.979146
2.091449
1.888621
1.864833
1.945795
1.969709
1.911098
2.104882
1.844161
1.708205
1.806291
1.778085
1.745674
1.686146
1.637058
1.590028
1.592993
1.661444
1.649645
1.727672
1.783654
1.719639
1.687987
2.111932
2.120903
2.151839
2.099348
2.047589
2.090451
2.182344
2.081974
1.997756
2.119097
2.003797
1.996305
1.975515
2.009336
2.307484
2.378117
2.303092
2.142676
2.068462
1.964699
1.971721
2.028285
1.938331
1.818468
1.39588
1.345386
1.40933
1.470734
1.47922
1.414862
1.515288
1.505086
1.433563
1.437789
1.377129
1.375539
1.313137
1.370815
1.460827
1.427251
1.479315
1.519356
1.596891
1.588441
1.613284
1.672495
1.684204
1.721111
1.721092
1.66915
1.511276
1.716544
1.764283
1.84741
1.837401
1.853209
1.822054
1.784352
1.644989
1.539962
1.641375
1.639007
1.604617
1.638646
1.644507
1.747612
1.63441
1.491027
1.548986
1.581518
1.470556
1.486583
1.660332
1.828976
1.946403
2.011499
1.920956
1.935415
1.930079
1.830138
1.802287
1.804669
1.776713
1.752283
1.720484
1.672328
1.630659
1.590441
1.584488
1.629164
1.649725
1.642625
1.703993
1.578217
1.683632
1.69274
1.766491
1.899906
1.881404
1.861962
1.848226
1.806542
1.766553
1.768975
1.77394
1.697742
1.788141
1.912982
1.856749
1.804139
1.813506
1.755854
1.703621
1.809515
1.911752
1.880529
1.837193
1.789409
1.758126
1.883966
1.868473
1.892734
2.112084
2.044954
2.096627
2.03319
2.073835
2.008065
1.865959
2.106139
2.284284
2.384059
2.323313
2.658358
2.534016
2.176042
2.984871
2.953435
2.663081
2.58567
2.516098
2.078614
1.959606
2.045616
1.92388
1.786415
1.625713
1.5903
1.62992
1.644403
1.662395
1.623954
1.764524
1.746498
1.791822
1.864829
1.962226
1.807596
1.97104
2.187629
2.669166
4.166667
3.250627
4.166667
4.166667
4.166667
4.166667
4.161425
4.166667
3.970058
3.798464
3.614202
3.172197
3.24677
2.820439
2.9281
2.925433
2.83216
2.83598
2.811621
3.016938
3.160319
3.337708
3.258653
3.238847
3.366892
3.489828
3.621416
3.714475
3.593505
3.643623
3.920767
3.930021
3.764254
3.377988
3.094085
3.089698
3.013404
2.975098
2.856789
2.740337
2.652294
2.636984
2.849725
2.765836
2.698105
2.732147
2.767604
2.778247
2.852492
3.057416
3.063058
3.009366
3.055426
3.018168
3.008296
2.973344
2.949549
2.922924
2.921653
2.918093
2.861753
2.623196
