1291 818.0001
1274 810
1273 800.0001
1264 777.9999
1255 752
1249 736
1248 729
1248 724
1243 710
1241 703
1240 700
1240 699
1240 697
1239 696
1239 694
1238 693
1236 691
1235 690
1234 690
1280 827.0001
1289 813.9999
1298 797.0001
1309 777.9999
1345 710
1354 686
1358 674
1360 669
1361 666
1362 665
1363 665
1364 665
1224 748
1242 753
1260 756
1275 758
1283 758
1291 758
1296 759
1306 759
1322 762
1327 763
1333 763
1336 764
1339 764
1340 764
1341 764
1342 764
1343 764
1398 797.0001
1394 783
1394 764
1394 740
1394 722
1394 713
1394 706
1394 700
1394 694
1395 690
1396 686
1397 684
1397 695
1397 725
1398 745
1402 761
1404 767
1417 786.9999
1420 788.0001
1423 789
1425 789.9999
1427 789.9999
1433 789.9999
1439 786.9999
1447 780
1453 771.9999
1457 759
1460 749
1461 737
1461 728
1461 723
1461 712
1461 703
1461 696
1461 692
1461 689
1461 686
1461 685
1461 682
1461 681
1461 679
1475 776.0001
1492 777
1506 777
1535 777
1545 777
1555 777
1564 777
1568 777
1569 777
1574 777
1521 852.9999
1511 834
1511 816.9999
1511 798.9999
1512 783
1513 766
1513 741
1514 721
1515 706
1516 693
1519 686
1523 681
1528 679
1530 679
1536 679
1539 679
1545 681
1555 685
1564 689
1575 696
1581 701
1584 704
1585 705
1585 706
