1558.094 1158.667
0 -9.333496
1.333984 -96
8.003906 -176.0001
9.337891 -218.6667
9.337891 -264.0001
9.337891 -296.0001
9.337891 -318.6667
9.337891 -348.0001
9.337891 -366.6667
9.337891 -376.0001
9.337891 -382.6667
9.337891 -386.6667
9.337891 -389.3334
9.337891 -390.6667
9.337891 -390.6667
9.337891 -392.0001
9.337891 -392.0001
9.337891 -392.0001
9.337891 -393.3334
9.337891 -393.3334
9.337891 -393.3334
9.337891 -393.3334
1552.758 1160
36.01758 -8
86.70898 -9.333252
121.3926 -16
176.0859 -32
196.0957 -44
201.4316 -52
210.7695 -77.33325
213.4375 -101.3333
213.4375 -122.6667
200.0977 -145.3333
178.7539 -156
154.7422 -162.6667
133.3984 -168
110.7207 -170.6667
88.04297 -174.6667
46.68945 -178.6667
38.68555 -178.6667
30.68164 -181.3333
16.00781 -185.3333
12.00586 -186.6667
10.67188 -188
8.003906 -188
6.669922 -188
5.335938 -188
4.001953 -188
4.001953 -188
4.001953 -188
1574.102 985.3333
26.67969 0
69.36719 0
108.0527 -5.333313
144.0703 -14.66663
160.0781 -21.33331
180.0879 -33.33331
200.0977 -57.33331
210.7695 -78.66663
212.1035 -98.66663
212.1035 -116
200.0977 -133.3333
181.4219 -154.6666
164.0801 -168
152.0742 -177.3333
132.0645 -186.6666
42.6875 -200
6.669922 -201.3333
-9.337891 -202.6666
-14.67383 -202.6666
-17.3418 -202.6666
-18.67578 -202.6666
-20.00977 -202.6666
-21.34375 -202.6666
-21.34375 -202.6666
-21.34375 -202.6666
-21.34375 -202.6666
-21.34375 -202.6666
1963.625 1185.333
-8.003906 -10.6665
-12.00586 -109.3333
-16.00781 -205.3333
-16.00781 -251.9999
-16.00781 -290.6666
-16.00781 -314.6666
-16.00781 -342.6666
-17.3418 -359.9999
-17.3418 -373.3333
-17.3418 -381.3333
-17.3418 -387.9999
-17.3418 -391.9999
-17.3418 -397.3333
-17.3418 -401.3333
-17.3418 -401.3333
-17.3418 -402.6666
-17.3418 -403.9999
-17.3418 -405.3333
-17.3418 -405.3333
-17.3418 -406.6666
-17.3418 -406.6666
-17.3418 -406.6666
1956.955 940
6.669922 20
17.3418 29.33331
40.01953 48
56.02734 58.66669
65.36523 61.33331
73.36914 62.66669
84.04102 64
105.3848 65.33331
113.3887 65.33331
118.7246 65.33331
137.4004 50.66669
152.0742 34.66669
160.0781 20
170.75 -32
170.75 -80
164.0801 -106.6667
148.0723 -126.6667
130.7305 -138.6667
112.0547 -144
77.37109 -149.3333
44.02148 -152
30.68164 -152
6.669922 -152
-1.333984 -152
-6.669922 -149.3333
-14.67383 -149.3333
-20.00977 -149.3333
-22.67773 -149.3333
-26.67969 -149.3333
-29.34766 -149.3333
-29.34766 -149.3333
-29.34766 -149.3333
1578.104 1184
1.333984 -29.33325
6.669922 -61.33325
10.67188 -125.3333
14.67383 -205.3333
16.00781 -258.6667
16.00781 -301.3333
14.67383 -332
13.33984 -356
10.67188 -374.6667
8.003906 -394.6667
6.669922 -412
4.001953 -434.6667
1.333984 -446.6667
1.333984 -450.6667
1.333984 -452
1.333984 -452
1.333984 -452
1.333984 -452
1.333984 -452
1.333984 -452
1.333984 -452
1591.443 1130.667
24.01172 9.333252
77.37109 14.6665
113.3887 10.6665
137.4004 0
162.7461 -16
181.4219 -34.66675
185.4238 -42.66675
188.0918 -53.3335
188.0918 -80
182.7559 -100
162.7461 -121.3334
136.0664 -136.0001
26.67969 -160.0001
20.00977 -160.0001
12.00586 -161.3334
5.335938 -161.3334
-1.333984 -164.0001
-8.003906 -165.3334
-13.33984 -165.3334
-18.67578 -168.0001
-18.67578 -168.0001
1615.455 966.6667
42.6875 12
76.03711 8
100.0488 0
120.0586 -9.333374
137.4004 -14.66669
152.0742 -26.66669
158.7441 -33.33337
170.75 -57.33337
174.752 -77.33337
172.084 -98.66669
153.4082 -129.3334
130.7305 -150.6667
102.7168 -166.6667
4.001953 -200
-24.01172 -205.3334
-36.01758 -208
-49.35742 -209.3334
-60.0293 -210.6667
-72.03516 -212
-81.37305 -213.3334
-89.37695 -214.6667
-96.04688 -216
-100.0488 -220
1606.117 978.6667
97.38086 1.333313
134.7324 0
152.0742 -6.666687
166.748 -17.33337
176.0859 -28
184.0898 -45.33337
188.0918 -61.33337
190.7598 -66.66669
190.7598 -86.66669
180.0879 -125.3334
164.0801 -145.3334
120.0586 -161.3334
81.37305 -168
37.35156 -174.6667
-5.335938 -182.6667
-48.02344 -196
-61.36328 -200
-72.03516 -204
-84.04102 -206.6667
-94.71289 -210.6667
-102.7168 -213.3334
-105.3848 -214.6667
-105.3848 -216
-105.3848 -218.6667
1567.432 957.3333
33.34961 16
122.7266 21.33337
144.0703 20
161.4121 6.666687
173.418 -10.66663
184.0898 -36
188.0918 -62.66663
188.0918 -84
188.0918 -108
176.0859 -129.3333
162.7461 -138.6666
148.0723 -142.6666
121.3926 -153.3333
82.70703 -162.6666
68.0332 -165.3333
52.02539 -166.6666
37.35156 -168
21.34375 -172
9.337891 -173.3333
-1.333984 -176
-6.669922 -178.6666
-8.003906 -181.3333
1586.107 946.6667
20.00977 13.33331
62.69727 20
100.0488 21.33331
132.0645 12
158.7441 -6.666687
174.752 -26.66669
185.4238 -52
189.4258 -78.66669
189.4258 -101.3334
181.4219 -121.3334
161.4121 -136
133.3984 -149.3334
90.71094 -162.6667
44.02148 -173.3334
5.335938 -178.6667
-5.335938 -178.6667
-14.67383 -180
-22.67773 -181.3334
-28.01367 -181.3334
-33.34961 -181.3334
-37.35156 -181.3334
-38.68555 -181.3334
-38.68555 -182.6667
-36.01758 -186.6667
1968.961 1153.333
-1.333984 -13.33325
-1.333984 -30.6665
0 -100
0 -209.3333
0 -285.3333
0 -339.9999
0 -369.3333
0 -379.9999
0 -387.9999
0 -390.6666
0 -390.6666
0 -390.6666
0 -390.6666
0 -390.6666
0 -390.6666
0 -390.6666
0 -390.6666
0 -390.6666
0 -390.6666
1968.961 1146.667
-6.669922 -44
-12.00586 -137.3334
-20.00977 -220.0001
-21.34375 -290.6667
-20.00977 -374.6667
-17.3418 -384.0001
-17.3418 -388.0001
-17.3418 -388.0001
-17.3418 -388.0001
-17.3418 -388.0001
-17.3418 -388.0001
-17.3418 -388.0001
-17.3418 -388.0001
-17.3418 -388.0001
-17.3418 -388.0001
1956.955 960
17.3418 10.66669
108.0527 37.33331
121.3926 25.33331
128.0625 18.66669
130.7305 16
132.0645 12
134.7324 9.333313
134.7324 5.333313
138.7344 -6.666687
138.7344 -6.666687
1955.621 962.6667
4.001953 16
54.69336 40
90.71094 52
110.7207 52
124.0605 49.33331
130.7305 44
168.082 -22.66669
168.082 -70.66669
158.7441 -93.33337
145.4043 -106.6667
129.3965 -124
109.3867 -140
89.37695 -148
76.03711 -152
69.36719 -153.3334
62.69727 -156
53.35938 -157.3334
42.6875 -158.6667
32.01563 -161.3334
22.67773 -165.3334
13.33984 -166.6667
12.00586 -168
