1812.885 1069.333
-17.3418 52
-38.68555 74.66675
-76.03711 78.66675
-128.0625 77.3335
-178.7539 65.3335
-234.7813 38.66675
-272.1328 -4
-289.4746 -37.33325
-305.4824 -77.33325
-312.1523 -109.3333
-316.1543 -139.9999
-316.1543 -167.9999
-312.1523 -199.9999
-298.8125 -226.6666
-281.4707 -249.3333
-250.7891 -273.3333
-208.1016 -299.9999
-161.4121 -315.9999
-117.3906 -317.3333
-78.70508 -315.9999
-65.36523 -310.6666
-52.02539 -306.6666
-44.02148 -302.6666
-36.01758 -297.3333
-28.01367 -293.3333
-24.01172 -290.6666
-20.00977 -290.6666
-18.67578 -290.6666
-14.67383 -290.6666
2173.061 837.3333
-1.333984 32
-17.3418 58.66669
-34.68359 68
-76.03711 54.66669
-102.7168 0
-109.3867 -22.66663
-113.3887 -46.66663
-114.7227 -69.33331
-114.7227 -90.66663
-114.7227 -106.6666
-114.7227 -113.3333
-94.71289 -117.3333
-82.70703 -117.3333
-69.36719 -114.6666
-57.36133 -109.3333
-49.35742 -104
-38.68555 -94.66663
-29.34766 -86.66663
-22.67773 -81.33331
-17.3418 -77.33331
