1555.426 1073.333
-16.00781 -42.6665
-34.68359 -123.9999
-50.69141 -158.6666
-82.70703 -215.9999
-109.3867 -270.6666
-128.0625 -307.9999
-148.0723 -339.9999
-158.7441 -354.6666
-165.4141 -366.6666
-169.416 -373.3333
-170.75 -375.9999
-173.418 -378.6666
-174.752 -379.9999
-176.0859 -379.9999
-176.0859 -379.9999
1566.098 1122.667
-6.669922 -14.66675
-13.33984 -38.66675
-32.01563 -78.66675
-81.37305 -182.6667
-106.7188 -234.6667
-129.3965 -293.3334
-142.7363 -332.0001
-152.0742 -361.3334
-157.4102 -376.0001
-165.4141 -393.3334
-174.752 -410.6667
-181.4219 -425.3334
-182.7559 -429.3334
-184.0898 -429.3334
-184.0898 -433.3334
-184.0898 -434.6667
-185.4238 -436.0001
-185.4238 -437.3334
-185.4238 -437.3334
-185.4238 -437.3334
1544.754 1094.667
-8.003906 -16
-9.337891 -30.66675
-30.68164 -93.33344
-64.03125 -180.0001
-92.04492 -244.0001
-106.7188 -292.0001
-129.3965 -372.0001
-142.7363 -402.6667
-142.7363 -406.6667
-144.0703 -406.6667
-144.0703 -406.6667
-144.0703 -406.6667
-144.0703 -406.6667
-144.0703 -406.6667
-144.0703 -406.6667
-144.0703 -406.6667
-144.0703 -406.6667
-144.0703 -406.6667
-144.0703 -406.6667
-144.0703 -406.6667
1546.088 1125.333
8.003906 -12
20.00977 -28
50.69141 -70.6665
77.37109 -118.6666
105.3848 -178.6666
126.7285 -229.3333
148.0723 -277.3333
161.4121 -310.6666
178.7539 -351.9999
188.0918 -370.6666
194.7617 -385.3333
197.4297 -394.6666
202.7656 -413.3333
205.4336 -418.6666
208.1016 -425.3333
208.1016 -431.9999
209.4355 -434.6666
210.7695 -434.6666
210.7695 -435.9999
210.7695 -437.3333
212.1035 -437.3333
212.1035 -437.3333
1479.389 865.3333
12.00586 4
76.03711 2.666687
173.418 0
217.4395 -6.666626
221.4414 -9.333313
222.7754 -10.66663
222.7754 -10.66663
222.7754 -10.66663
222.7754 -10.66663
222.7754 -10.66663
222.7754 -10.66663
222.7754 -10.66663
222.7754 -10.66663
222.7754 -10.66663
222.7754 -10.66663
222.7754 -10.66663
1454.043 873.3333
10.67188 1.333374
46.68945 1.333374
100.0488 -4
220.1074 -18.66663
253.457 -24
254.791 -24
254.791 -24
254.791 -25.33331
254.791 -25.33331
254.791 -25.33331
254.791 -25.33331
254.791 -25.33331
254.791 -25.33331
254.791 -26.66663
1920.938 850.6667
-22.67773 12
-50.69141 14.66663
-64.03125 14.66663
-80.03906 -6.666687
-92.04492 -32
-100.0488 -60
-102.7168 -77.33337
-104.0508 -98.66669
-104.0508 -118.6667
-104.0508 -132
-100.0488 -145.3334
-89.37695 -153.3334
-82.70703 -154.6667
-69.36719 -154.6667
-38.68555 -136
-24.01172 -112
-20.00977 -92
-12.00586 -52
1.333984 -17.33337
5.335938 5.333313
5.335938 9.333313
5.335938 10.66663
5.335938 12
5.335938 12
5.335938 12
5.335938 12
5.335938 12
5.335938 5.333313
-4.001953 -12
-9.337891 -32
-12.00586 -46.66669
-17.3418 -70.66669
-18.67578 -93.33337
-22.67773 -105.3334
-24.01172 -129.3334
-24.01172 -137.3334
-21.34375 -137.3334
-17.3418 -137.3334
-12.00586 -137.3334
-12.00586 -137.3334
-8.003906 -136
-1.333984 -128
6.669922 -122.6667
14.67383 -114.6667
25.3457 -104
37.35156 -92
46.68945 -82.66669
49.35742 -78.66669
49.35742 -78.66669
49.35742 -78.66669
49.35742 -78.66669
1906.264 848
-25.3457 17.33331
-36.01758 0
-45.35547 -18.66669
-50.69141 -32
-54.69336 -52
-58.69531 -76
-58.69531 -102.6667
-58.69531 -128
-58.69531 -138.6667
-58.69531 -142.6667
-54.69336 -142.6667
-45.35547 -141.3333
-37.35156 -133.3333
-25.3457 -121.3333
-6.669922 -101.3333
5.335938 -82.66669
14.67383 -61.33331
20.00977 -37.33331
25.3457 -12
28.01367 5.333313
28.01367 13.33331
28.01367 16
28.01367 17.33331
28.01367 20
28.01367 21.33331
28.01367 21.33331
28.01367 18.66669
22.67773 8
20.00977 0
17.3418 -10.66669
16.00781 -18.66669
14.67383 -34.66669
12.00586 -46.66669
9.337891 -58.66669
8.003906 -74.66669
6.669922 -85.33331
6.669922 -104
10.67188 -124
14.67383 -130.6667
21.34375 -134.6667
29.34766 -134.6667
32.01563 -134.6667
34.68359 -134.6667
37.35156 -122.6667
40.01953 -117.3333
40.01953 -113.3333
42.6875 -110.6667
45.35547 -108
48.02344 -104
49.35742 -102.6667
52.02539 -98.66669
53.35938 -96
54.69336 -93.33331
56.02734 -90.66669
56.02734 -89.33331
1578.104 1092
-14.67383 -17.33325
-24.01172 -36
-45.35547 -72
-70.70117 -114.6667
-120.0586 -217.3333
-141.4023 -261.3333
-160.0781 -294.6667
-170.75 -314.6667
-178.7539 -329.3333
-182.7559 -337.3333
-184.0898 -338.6667
-184.0898 -338.6667
-184.0898 -338.6667
-184.0898 -338.6667
1586.107 1093.333
4.001953 -12
20.00977 -54.6665
48.02344 -151.9999
69.36719 -209.3333
86.70898 -250.6666
108.0527 -294.6666
125.3945 -337.3333
138.7344 -367.9999
141.4023 -373.3333
141.4023 -375.9999
141.4023 -379.9999
142.7363 -382.6666
142.7363 -383.9999
142.7363 -383.9999
142.7363 -383.9999
142.7363 -383.9999
142.7363 -383.9999
142.7363 -383.9999
1579.438 1094.667
9.337891 -14.66675
34.68359 -109.3334
64.03125 -204.0001
84.04102 -260.0001
101.3828 -312.0001
112.0547 -340.0001
114.7227 -342.6667
114.7227 -342.6667
114.7227 -342.6667
114.7227 -342.6667
114.7227 -342.6667
114.7227 -342.6667
114.7227 -342.6667
114.7227 -342.6667
114.7227 -342.6667
114.7227 -342.6667
114.7227 -342.6667
1478.055 862.6667
12.00586 5.333313
69.36719 5.333313
149.4063 5.333313
186.7578 5.333313
204.0996 4
204.0996 4
204.0996 4
204.0996 4
204.0996 4
204.0996 4
204.0996 4
204.0996 4
204.0996 4
204.0996 4
204.0996 4
1907.598 848
-42.6875 14.66669
-53.35938 9.333313
-64.03125 -5.333313
-76.03711 -44
-78.70508 -89.33331
-78.70508 -130.6667
-60.0293 -156
-14.67383 -150.6667
20.00977 -98.66669
37.35156 -24
45.35547 18.66669
49.35742 32
49.35742 32
49.35742 32
49.35742 30.66669
49.35742 25.33331
42.6875 1.333313
32.01563 -42.66669
25.3457 -77.33331
21.34375 -138.6667
21.34375 -156
21.34375 -166.6666
26.67969 -173.3334
33.34961 -177.3334
41.35352 -177.3334
60.0293 -177.3334
90.71094 -172
118.7246 -158.6667
1459.379 868
16.00781 0
36.01758 0
86.70898 0
158.7441 0
237.4492 0
248.1211 0
248.1211 0
248.1211 0
248.1211 0
248.1211 0
248.1211 0
248.1211 0
248.1211 0
248.1211 0
248.1211 0
1910.266 861.3333
-18.67578 8
-37.35156 8
-66.69922 -1.333313
-78.70508 -28
-85.375 -89.33331
-86.70898 -133.3333
-82.70703 -141.3333
-76.03711 -145.3333
-65.36523 -145.3333
-54.69336 -141.3333
-44.02148 -129.3333
-21.34375 -100
-6.669922 -72
1.333984 -53.33331
14.67383 -20
28.01367 9.333374
33.34961 26.66669
37.35156 33.33337
37.35156 33.33337
37.35156 33.33337
37.35156 33.33337
37.35156 33.33337
37.35156 24
33.34961 2.666687
26.67969 -18.66663
14.67383 -52
9.337891 -82.66663
6.669922 -106.6666
6.669922 -118.6666
6.669922 -130.6666
6.669922 -138.6666
6.669922 -141.3333
6.669922 -142.6666
8.003906 -144
12.00586 -144
16.00781 -141.3333
20.00977 -137.3333
32.01563 -126.6666
52.02539 -108
66.69922 -92
74.70313 -82.66663
77.37109 -80
77.37109 -80
77.37109 -80
1323.313 110.6666
