t
2
1
3
2
2
*
e
2
1
3
2
2
*
l
2
1
3
2
2
*
A (1)
2
1
3
2
2
*
t
2
1
3
2
2
*
u
2
1
3
2
2
*
n
2
1
3
2
2
*
A (1)
2
1
3
2
2
*
p (1)
2
1
3
2
2
*
A (1)
2
1
3
2
2
*
p
2
1
3
2
2
*
n
2
1
3
2
2
*
t
2
1
3
2
2
*
e
2
1
3
2
2
*
l
2
1
3
2
2
*
A (1)
2
1
3
2
2
*
t
2
1
3
2
2
*
u
2
1
3
2
2
*
n
2
1
3
2
2
*
A (1)
2
1
3
2
2
*
p (1)
2
1
3
2
2
*
A (1)
2
1
3
2
2
*
p
2
1
3
2
2
*
n
2
1
3
2
2
*
t
2
1
3
2
2
*
e
2
1
3
2
2
*
l
2
1
3
2
2
*
A (1)
2
1
3
2
2
*
t
2
1
3
2
2
*
u
2
1
3
2
2
*
n
2
1
3
2
2
*
A (1)
2
1
1
2
2
*
p (1)
2
1
3
2
2
*
A (1)
2
1
3
2
2
*
p
2
1
3
2
2
*
n
2
1
3
2
2
*
