1
1
1
0.5477124
1.227694
1.19537
1.213145
1.352873
1.195634
1.14969
1.226925
1.211733
1.156955
1.155659
1.35023
1.361835
1.331914
1.365302
1.383959
1.40668
1.429223
1.447921
1.475086
1.537145
1.532796
1.527377
1.541728
1.466357
0.7456661
1.076186
1.274001
1.346092
1.376165
1.324919
1.250728
1.442003
1.388268
1.416871
1.438415
1.45991
1.505175
1.477953
1.595743
1.471441
1.456528
1.41098
1.355241
1.32229
1.335212
1.301613
1.31924
1.356544
1.386171
1.372018
1.379635
1.479894
1.439873
1.112884
0.8131332
1.494146
1.733438
1.712577
1.684862
1.704575
1.116545
1.104289
1.118253
1.06959
1.055858
0.9232905
0.9075291
0.888676
0.9180728
0.9414183
1.037236
1.120214
1.108841
1.089465
0.7134009
0.9413479
1.096051
1.370673
1.521282
1.566003
1.499725
1.317843
1.130194
1.199592
1.14984
1.147006
1.156946
1.197693
1.169208
1.178407
1.166767
1.150574
1.134585
1.136125
1.122886
1.149898
1.059398
0.2866959
0.5299249
0.713858
0.8655145
0.9760991
1.071642
1.160819
1.326338
1.365588
1.484559
1.491942
1.39624
1.428262
1.370228
1.356857
1.354697
1.248679
1.265204
1.292835
1.337065
1.304287
1.307547
1.241027
1.138088
1.008221
0.9264199
0.8653018
0.8473387
0.7909043
0.8534296
1.046493
1.189974
1.320769
1.309315
1.269329
1.191077
1.177536
1.179858
1.14482
1.142496
1.134186
1.105704
1.033102
1.021595
0.9834468
0.9640677
0.9608721
0.9755216
0.9955238
1.027946
0.9461663
0.4046749
0.5268158
0.6066206
0.6942388
0.7558525
0.8619614
0.8749667
0.9474127
0.9929203
0.9490455
0.962532
0.8531578
0.7984857
0.7789982
0.7873781
0.860679
0.9229088
0.8787979
0.8684136
0.7798921
0.639905
0.5241778
0.4551301
0.347311
0.3183877
0.292165
0.2654751
0.30553
0.4636205
0.6606955
0.8109849
0.8132488
0.7826077
0.7637914
0.7461512
0.7136835
0.7051963
0.694812
0.7446396
0.7576627
0.7158883
0.7205333
0.6994124
0.6879851
0.695896
0.7122709
0.7156311
0.6556833
0.6757554
0.5894338
1.067621
1.681158
1.737986
1.555366
1.316295
1.781907
1.782795
1.820917
1.875867
1.729025
1.703596
1.691325
1.673355
1.645464
1.569415
1.499568
1.589117
1.52648
1.600161
1.597872
1.571549
1.518713
1.49233
1.455777
1.414822
1.363078
0.9153488
0.3493083
0.894375
1.216336
1.530916
1.329335
1.360591
1.192998
1.158119
1.095332
1.175448
1.213722
1.271853
1.102584
1.184217
1.055012
1.064556
1.068121
1.07063
1.089347
1.12775
1.174583
1.303472
1.323488
0.9286058
0.7543833
1.074317
1.246908
1.677242
2.056668
2.193529
2.290899
2.420625
2.112433
2.248264
2.134655
2.11086
2.124545
2.032642
1.963339
1.91645
1.894506
1.83376
1.812007
1.760786
1.723894
1.537167
