1958.289 242.6666
1371.336 1397.333
4.001953 -12
4.001953 -26.66675
4.001953 -61.33337
-5.335938 -93.33337
-13.33984 -121.3334
-20.00977 -150.6666
-25.3457 -170.6666
-32.01563 -194.6666
-38.68555 -212.0001
-42.6875 -230.6666
-48.02344 -249.3334
-53.35938 -269.3334
-57.36133 -284.0001
-64.03125 -314.6666
-73.36914 -350.6666
-86.70898 -390.6667
-97.38086 -429.3334
-104.0508 -444.0001
-109.3867 -466.6667
-118.7246 -496.0001
-129.3965 -529.3334
-132.7314 -173.3334
-137.4004 -187.3334
-142.7363 -192.0001
-146.7383 -206.6667
-129.3965 169.3333
-129.3965 158.6666
-121.3926 144
-105.3848 141.3333
-97.38086 137.3333
-88.04297 134.6666
-88.04297 134.6666
-88.04297 134.6666
-88.04297 134.6666
47.35645 77.99988
47.35645 77.99988
47.35645 77.99988
47.35645 77.99988
44.68848 65.99988
44.68848 55.33325
42.6875 38.66663
178.7539 -61.33337
178.7539 -76.00012
180.0879 -92.00012
181.4219 -106.6666
182.7559 -118.6666
185.4238 -129.3334
185.4238 -134.6666
185.4238 -140.0001
186.7578 -142.6666
186.7578 -148.0001
188.0918 -154.6666
1731.512 1072
-13.33984 -16
-40.01953 -70.66669
-77.37109 -146.6667
-152.0742 -260
-198.7637 -341.3333
-212.1035 -364
-212.1035 -369.3333
-213.4375 -370.6667
-213.4375 -372
-214.7715 -372
-214.7715 -372
-214.7715 -372
-216.1055 -372
-216.1055 -372
-216.1055 -372
-216.1055 -372
-216.1055 -372
-216.1055 -372
1432.699 881.3333
17.3418 -6.666626
93.37891 -32
185.4238 -57.33331
438.8809 -84
537.5957 -89.33331
658.9883 -73.33331
728.3555 -48
736.3594 -42.66663
745.6973 -38.66663
753.7012 -34.66663
757.7031 -34.66663
759.0371 -33.33331
759.0371 -33.33331
759.0371 -33.33331
759.0371 -33.33331
759.0371 -34.66663
1227.266 601.3334
58.69531 54.66663
137.4004 142.6666
553.6035 597.3334
657.6543 686.6666
745.6973 754.6666
821.7344 802.6666
892.4355 841.3333
952.4648 870.6666
1000.488 889.3333
1031.17 896
1043.176 896
1684.822 1354.667
-10.67188 -14.66675
-10.67188 -29.3335
-13.33984 -52
-21.34375 -93.3335
-32.01563 -121.3335
-40.01953 -150.6667
-48.02344 -180
-53.35938 -197.3335
-64.03125 -222.6667
-80.03906 -253.3335
-105.3848 -286.6667
-136.0664 -330.6667
-164.0801 -366.6667
-218.7734 -438.6667
-274.8008 -512.0001
-297.4785 -544.0001
-306.8164 -556.0001
-309.4844 -557.3334
-312.1523 -557.3334
-318.8223 -557.3334
-318.8223 -557.3334
-318.8223 -557.3334
-320.1563 -556.0001
-324.1582 -545.3334
-332.1621 -544.0001
-341.5 -537.3334
-340.166 -537.3334
-338.832 -537.3334
-338.832 -537.3334
-338.832 -537.3334
-338.832 -537.3334
-338.832 -537.3334
-338.832 -537.3334
-338.832 -537.3334
-338.832 -538.6667
-340.166 -538.6667
2026.322 1277.333
-18.67578 -24
-26.67969 -42.6665
-36.01758 -64
-44.02148 -88
-53.35938 -113.3333
-58.69531 -128
-66.69922 -146.6665
-72.03516 -164
-77.37109 -176
-82.70703 -185.3333
-84.04102 -188
-86.70898 -189.3333
-86.70898 -190.6665
-86.70898 -190.6665
-86.70898 -190.6665
-86.70898 -190.6665
-86.70898 -190.6665
-86.70898 -190.6665
-86.70898 -188
-84.04102 -178.6665
1616.789 1465.333
-10.67188 -12
-30.68164 -69.33337
-84.04102 -178.6666
-192.0938 -361.3334
-232.1133 -430.6666
-269.4648 -498.6667
-298.8125 -553.3334
-320.1563 -597.3334
-336.1641 -641.3334
-352.1719 -680.0001
-361.5098 -698.6667
-361.5098 -706.6667
1136.555 1477.333
0 -13.33337
0 -38.66675
-1.333984 -121.3334
5.335938 -228.0001
14.67383 -272.0001
36.01758 -334.6666
61.36328 -382.6666
92.04492 -442.6666
128.0625 -513.3334
158.7441 -565.3334
176.0859 -592.0001
200.0977 -629.3334
226.7773 -668.0001
245.4531 -694.6667
253.457 -705.3334
257.459 -710.6667
260.127 -710.6667
260.127 -710.6667
261.4609 -710.6667
261.4609 -712.0001
262.7949 -712.0001
262.7949 -712.0001
262.7949 -712.0001
262.7949 -712.0001
262.7949 -712.0001
1566.098 1154.667
-10.67188 -56
-20.00977 -85.3335
-22.67773 -96
-30.68164 -113.3335
-40.01953 -136.0001
-54.69336 -164.0001
-65.36523 -188.0001
-78.70508 -214.6667
-98.71484 -246.6667
-124.0605 -293.3334
-156.0762 -357.3334
-180.0879 -409.3334
-186.7578 -425.3334
-192.0938 -441.3334
-193.4277 -450.6667
-193.4277 -454.6667
-193.4277 -457.3334
-193.4277 -458.6667
-193.4277 -460.0001
-193.4277 -460.0001
-193.4277 -460.0001
-193.4277 -460.0001
-193.4277 -460.0001
-193.4277 -460.0001
-193.4277 -460.0001
1555.426 1126.667
1.333984 -21.3335
14.67383 -57.3335
38.68555 -121.3334
52.02539 -156.0001
69.36719 -193.3334
94.71289 -252.0001
101.3828 -274.6667
110.7207 -308.0001
114.7227 -326.6667
130.7305 -374.6667
146.7383 -425.3334
153.4082 -440.0001
154.7422 -442.6667
156.0762 -445.3334
156.0762 -445.3334
156.0762 -445.3334
156.0762 -445.3334
156.0762 -445.3334
156.0762 -445.3334
156.0762 -445.3334
156.0762 -445.3334
156.0762 -445.3334
1426.029 830.6667
34.68359 14.66663
74.70313 18.66663
109.3867 18.66663
132.0645 18.66663
150.7402 20
165.4141 22.66663
190.7598 24
217.4395 25.33331
242.7852 25.33331
280.1367 25.33331
281.4707 25.33331
281.4707 25.33331
281.4707 25.33331
281.4707 25.33331
282.8047 25.33331
284.1387 25.33331
285.4727 25.33331
286.8066 25.33331
1532.748 1044.667
-3.334961 -6
-16.6748 -27.33337
-20.67676 -43.33337
-39.35254 -94.66663
-66.69922 -152
-83.37402 -186
-84.04102 -181.9999
-97.38086 -215.3333
-110.7207 -243.3333
-120.0586 -265.9999
-129.3965 -285.9999
-132.0645 -293.9999
-134.7324 -297.9999
-134.7324 -299.3333
-134.7324 -299.3333
-134.7324 -300.6666
-134.7324 -301.9999
-134.7324 -303.3333
-134.7324 -303.3333
-134.7324 -303.3333
-133.3984 -303.3333
1570.1 1153.333
-14.67383 -18.6665
-14.67383 -18.6665
-20.00977 -29.33325
-20.00977 -29.33325
-24.01172 -41.33325
-24.01172 -41.33325
-30.68164 -58.6665
-30.68164 -58.6665
-40.01953 -77.33325
-40.01953 -77.33325
-49.35742 -101.3333
-49.35742 -101.3333
-60.0293 -124
-60.0293 -124
-70.70117 -149.3333
-70.70117 -149.3333
-81.37305 -174.6666
-81.37305 -174.6666
-90.71094 -194.6666
-90.71094 -194.6666
-100.0488 -214.6666
-108.0527 -233.3333
-108.0527 -233.3333
-114.7227 -249.3333
-114.7227 -249.3333
-114.7227 -249.3333
-121.3926 -263.9999
-126.7285 -279.9999
-126.7285 -279.9999
-133.3984 -294.6666
-133.3984 -294.6666
-140.0684 -310.6666
-140.0684 -310.6666
-145.4043 -322.6666
-145.4043 -322.6666
-149.4063 -334.6666
-149.4063 -334.6666
-153.4082 -347.9999
-153.4082 -347.9999
-158.7441 -361.3333
-158.7441 -361.3333
-161.4121 -370.6666
-161.4121 -370.6666
-166.748 -383.9999
-166.748 -383.9999
-172.084 -395.9999
-172.084 -395.9999
-173.418 -405.3333
-173.418 -405.3333
-177.4199 -413.3333
-177.4199 -413.3333
-178.7539 -417.3333
-178.7539 -417.3333
-180.0879 -421.3333
-180.0879 -421.3333
-180.0879 -421.3333
-180.0879 -421.3333
-180.0879 -421.3333
-180.0879 -421.3333
1567.432 1156
-10.67188 -22.66675
-10.67188 -22.66675
-20.00977 -48
-20.00977 -48
-40.01953 -125.3333
-40.01953 -125.3333
-69.36719 -218.6667
-98.71484 -300
-98.71484 -300
-98.71484 -300
-126.7285 -365.3333
-145.4043 -410.6667
-145.4043 -410.6667
-156.0762 -433.3333
-156.0762 -433.3333
-162.7461 -452
-162.7461 -452
-166.748 -462.6667
-166.748 -462.6667
