1062.541 1402.081
-7.781006 -1.296021
-9.077881 -9.073242
-31.12402 -73.88342
-153.0267 -302.015
-207.4937 -416.0809
-233.4304 -470.5214
-254.1798 -518.4808
-274.9292 -562.5517
-296.9753 -601.4378
-312.5374 -633.8429
-329.3962 -658.4706
-343.6614 -677.9139
-350.1456 -690.8758
1376.375 704.7239
0 9.073486
23.34302 68.69873
54.46704 142.5823
81.70056 193.1342
99.85645 228.1318
116.7152 267.0176
120.6056 278.6835
127.09 291.6456
137.4646 316.2734
145.2456 334.4202
147.8394 342.1975
147.8394 342.1975
151.7299 349.9746
153.0266 352.5671
153.0266 352.5671
153.0266 352.5671
153.0266 352.5671
153.0266 352.5671
153.0266 352.5671
153.0266 352.5671
153.0266 352.5671
153.0266 352.5671
153.0266 352.5671
1535.885 1093.585
-7.781006 -11.66602
-36.31152 -69.99506
-68.7323 -143.8785
-99.85632 -207.3925
-125.793 -273.4988
-149.1361 -314.9773
-162.1045 -343.4937
-168.5886 -356.4558
-171.1824 -364.233
-173.7761 -366.8254
-173.7761 -369.4179
-173.7761 -369.4179
-173.7761 -369.4179
-173.7761 -369.4179
-173.7761 -369.4179
-173.7761 -369.4179
-173.7761 -369.4179
-173.7761 -369.4179
-173.7761 -369.4179
-173.7761 -369.4179
-173.7761 -369.4179
1568.306 1039.144
-2.593628 1.296387
0 0
33.71777 -69.99481
63.54504 -121.843
93.37219 -190.5417
114.1216 -244.9822
132.2772 -287.7568
136.1678 -300.7189
137.4647 -307.1999
141.3551 -316.2733
142.652 -317.5695
142.652 -317.5695
142.652 -317.5695
142.652 -317.5695
142.652 -317.5695
142.652 -317.5695
142.652 -317.5695
142.652 -317.5695
142.652 -317.5695
1508.652 1043.033
-3.890625 -3.888672
-20.74939 -36.29364
-66.13867 -129.6203
-86.88806 -182.7645
-97.26282 -217.762
-112.8247 -255.3519
-124.4963 -278.6834
-133.5741 -299.4227
-137.4647 -309.7923
-140.0582 -317.5696
-140.0582 -317.5696
-140.0582 -317.5696
-140.0582 -317.5696
-140.0582 -317.5696
-140.0582 -317.5696
-140.0582 -317.5696
1570.9 1045.625
1.296753 0
10.37463 -14.2583
55.76392 -127.0279
80.40381 -186.6533
95.9657 -220.3546
106.3405 -241.0938
116.7151 -273.4988
121.9026 -290.3495
128.3866 -308.4963
132.2772 -316.2735
134.871 -324.0507
137.4645 -327.9394
137.4645 -329.2354
138.7614 -331.8279
138.7614 -333.1241
138.7614 -335.7166
140.0582 -338.309
140.0582 -343.4937
140.0582 -347.3824
140.0582 -347.3824
1531.995 1102.658
-1.296875 1.296387
-9.077759 -19.44287
-55.76379 -136.1011
-84.29419 -207.3923
-115.4182 -286.4607
-136.1676 -333.124
-149.1361 -360.3442
-156.917 -384.9721
-163.4011 -399.2302
-163.4011 -403.1189
-163.4011 -403.1189
-163.4011 -403.1189
-163.4011 -403.1189
-163.4011 -403.1189
-163.4011 -403.1189
-163.4011 -403.1189
-163.4011 -403.1189
1539.776 1090.992
-1.296875 2.592529
18.15564 -40.18213
53.17029 -107.5848
84.29443 -162.0252
95.96582 -186.6531
106.3407 -209.9847
121.9026 -255.3519
132.2773 -281.2759
143.9489 -307.2
155.6202 -338.3088
160.8076 -357.7518
167.2917 -372.0101
168.5886 -378.491
169.8855 -379.7873
171.1824 -381.0835
172.4792 -383.676
172.4792 -384.972
173.7759 -386.2683
173.7759 -386.2683
173.7759 -386.2683
173.7759 -386.2683
1408.796 851.1948
20.74939 0
45.38916 -1.296204
60.95105 -1.296204
71.32581 -1.296204
82.99731 -1.296204
94.66895 -1.296204
103.7467 -1.296204
118.012 -1.296204
136.1677 -1.296204
177.6664 0
202.3063 0
224.3524 0
243.8051 2.592468
263.2576 2.592468
271.0385 2.592468
274.9291 1.296143
280.1163 0
280.1163 0
281.4132 0
282.7101 0
282.7101 0
282.7101 0
282.7101 0
282.7101 0
282.7101 0
282.7101 0
1384.156 839.529
-1.296875 0
14.26514 2.592346
64.84192 7.777161
89.48169 6.480957
118.0121 3.888672
133.574 3.888672
153.0265 6.480957
175.0728 7.777161
195.8221 10.36963
217.8684 14.2583
243.8051 18.14679
260.6641 22.03546
274.9291 24.62793
285.3038 25.92395
293.0848 25.92395
302.1626 25.92395
309.9436 24.62793
309.9436 24.62793
309.9436 24.62793
309.9436 24.62793
309.9436 23.3316
311.2405 23.3316
311.2405 23.3316
312.5374 23.3316
312.5374 23.3316
312.5374 23.3316
1896.406 838.2327
5.1875 6.480957
-2.593628 19.44305
-33.71765 11.66589
-54.46704 -22.03546
-67.43542 -68.69873
-70.02905 -102.4
-63.54492 -115.3619
-55.76379 -119.2506
-41.49878 -114.0659
-27.23352 -95.91895
-19.45251 -80.36456
-6.484131 -59.62531
1.296875 -44.07086
9.077881 -25.92395
14.26514 -11.66583
18.15576 0
22.04626 7.777222
18.15576 0
11.67163 -34.99756
5.1875 -76.47589
1.296875 -101.1038
1.296875 -127.0278
6.484131 -132.2125
20.74939 -117.9544
27.23352 -104.9923
33.71765 -95.91895
36.3114 -90.73419
40.2019 -86.84552
42.79565 -82.95703
44.09253 -80.36456
46.68604 -77.77209
47.98291 -76.47589
47.98291 -76.47589
47.98291 -76.47589
