0.2183011
0.359671
0.2947409
0.4757899
0.4822011
0.4267505
0.4375476
0.4719943
0.4812851
0.5324211
0.531036
0.5735821
0.6064411
0.5633001
0.3489917
0.7246007
1.314126
1.381551
1.333268
1.366698
1.391457
1.408557
1.42665
1.494431
1.446077
1.39116
1.411354
1.432593
1.41256
1.345448
1.322299
1.292565
1.193554
1.147624
1.150375
1.211458
1.218112
0.9802558
0.4103948
1.286948
1.788111
1.75728
1.738213
1.676551
1.674483
1.5526
1.55234
1.546242
1.4576
1.354231
1.347656
1.331654
1.372511
1.405306
1.410849
1.422639
1.409706
1.149781
0.9602627
0.6300055
0.3830667
0.6833584
1.045528
1.697181
1.726313
1.591397
1.498996
1.530203
1.464878
1.429919
1.487264
1.438635
1.440848
1.478742
1.540709
1.561048
1.561315
1.567
1.561614
1.467842
0.2859905
0.767525
1.316833
1.713112
1.54213
1.456136
1.358432
1.313744
1.278337
1.242343
1.114933
1.034242
0.9685312
0.9535769
0.9504152
0.952014
0.9057595
0.6125813
1.1351
1.690538
2.236679
1.949009
1.708853
1.495652
1.391788
1.16533
1.237728
1.162088
1.145366
1.152231
1.184553
1.25285
1.395522
1.525065
1.579799
1.560166
1.578775
1.427069
0.6260417
0.8779333
1.383734
1.850625
1.79644
1.709318
1.653616
1.509301
1.489547
1.489233
1.433762
1.433391
1.440424
1.440867
1.456394
1.473041
1.469042
1.409268
0.2029434
0.5903688
1.567508
1.783968
1.55165
1.390497
1.348063
1.371128
1.344047
1.337376
1.278601
1.2718
1.277625
1.297037
1.306769
1.318961
1.318708
1.291334
1.286481
1.269428
1.192488
0.9628885
0.3333333
1.780644
1.942042
1.958507
1.938331
1.980296
1.996011
1.908056
1.995118
2.078604
2.241808
2.205425
2.278214
2.423762
2.363276
2.342404
2.275589
2.104936
2.05831
2.053161
2.086344
2.079111
2.080111
2.104532
2.150858
2.101551
1.65367
0.4394833
1.067666
2.28175
2.612036
2.614472
2.804898
2.642295
2.593328
2.550169
2.496783
2.341522
2.198422
2.096659
1.735328
1.640334
1.631487
1.560545
1.42725
1.374038
1.38998
1.421069
1.453146
1.438258
1.444642
1.503562
1.530922
1.518407
0.2700026
0.4881607
1.453634
1.657246
1.71567
1.73951
1.787405
1.578764
1.587358
1.629688
1.608461
1.587442
1.507847
1.397354
1.305215
1.165625
1.091228
0.9014235
1.517058
1.595355
1.457031
1.526224
1.470313
1.355544
1.432469
1.426894
1.479695
1.49758
1.513948
1.514633
1.474367
1.477697
1.416086
1.32766
1.224003
