1189.914 1282.667
-17.3418 -21.3335
-53.35938 -90.66675
-98.71484 -192
-148.0723 -304.0001
-184.0898 -389.3334
-201.4316 -448.0001
-206.7676 -493.3334
1551.424 1114.667
-10.67188 -16
-52.02539 -77.3335
-85.375 -129.3334
-108.0527 -168.0001
-124.0605 -201.3334
-137.4004 -229.3334
-141.4023 -248.0001
-146.7383 -265.3334
-148.0723 -278.6667
-153.4082 -304.0001
-156.0762 -318.6667
-158.7441 -350.6667
-158.7441 -382.6667
-158.7441 -408.0001
-158.7441 -420.0001
-160.0781 -421.3334
-160.0781 -421.3334
-160.0781 -421.3334
-160.0781 -421.3334
-160.0781 -421.3334
-161.4121 -421.3334
-162.7461 -421.3334
-162.7461 -421.3334
-162.7461 -421.3334
-162.7461 -421.3334
1559.428 1121.333
-1.333984 -37.33325
26.67969 -106.6666
49.35742 -162.6666
80.03906 -250.6666
96.04688 -290.6666
110.7207 -325.3333
120.0586 -349.3333
129.3965 -369.3333
134.7324 -381.3333
137.4004 -389.3333
138.7344 -393.3333
140.0684 -394.6666
141.4023 -395.9999
141.4023 -395.9999
141.4023 -397.3333
141.4023 -397.3333
141.4023 -397.3333
141.4023 -397.3333
141.4023 -397.3333
141.4023 -397.3333
141.4023 -397.3333
1379.34 868
57.36133 8
96.04688 2.666687
144.0703 -2.666687
173.418 -4
202.7656 -4
221.4414 -4
296.1445 -5.333313
318.8223 -8
326.8262 -8
334.8301 -9.333313
338.832 -9.333313
340.166 -9.333313
341.5 -10.66669
342.834 -10.66669
342.834 -10.66669
344.168 -10.66669
344.168 -10.66669
344.168 -12
344.168 -12
344.168 -12
1942.281 849.3333
-20.00977 13.33337
-40.01953 18.66669
-77.37109 -8
-90.71094 -41.33331
-96.04688 -86.66663
-97.38086 -110.6666
-97.38086 -126.6666
-96.04688 -126.6666
-90.71094 -126.6666
-74.70313 -105.3333
-58.69531 -68
-52.02539 -40
-45.35547 -21.33331
-42.6875 -6.666626
-37.35156 8
-37.35156 12
-37.35156 -18.66663
-42.6875 -94.66663
-45.35547 -134.6666
-45.35547 -148
-45.35547 -154.6666
-45.35547 -156
-42.6875 -156
-32.01563 -148
-18.67578 -132
-6.669922 -114.6666
0 -97.33331
4.001953 -84
8.003906 -70.66663
13.33984 -58.66663
17.3418 -52
17.3418 -52
1914.268 821.3333
-24.01172 53.33337
-56.02734 52
-69.36719 18.66669
-77.37109 -18.66663
-84.04102 -74.66663
-84.04102 -89.33331
-82.70703 -93.33331
-76.03711 -93.33331
-62.69727 -82.66663
-44.02148 -66.66663
-32.01563 -48
-21.34375 -25.33331
-12.00586 -10.66663
-4.001953 1.333374
1.333984 9.333374
4.001953 14.66669
5.335938 16
5.335938 -24
0 -66.66663
-4.001953 -94.66663
-4.001953 -108
-5.335938 -116
-6.669922 -121.3333
-6.669922 -122.6666
-6.669922 -122.6666
-6.669922 -122.6666
0 -116
9.337891 -101.3333
14.67383 -85.33331
21.34375 -74.66663
26.67969 -66.66663
28.01367 -64
28.01367 -62.66663
1339.32 181.3334
1374.004 194.6666
1547.422 1133.333
-2.667969 -14.6665
-44.02148 -104
-72.03516 -165.3333
-90.71094 -202.6666
-106.7188 -227.9999
-117.3906 -255.9999
-130.7305 -309.3333
-140.0684 -353.3333
-144.0703 -374.6666
-145.4043 -381.3333
-148.0723 -391.9999
-150.7402 -405.3333
-154.7422 -419.9999
-154.7422 -426.6666
-156.0762 -429.3333
-156.0762 -431.9999
-157.4102 -431.9999
-157.4102 -433.3333
-158.7441 -433.3333
-158.7441 -433.3333
-158.7441 -433.3333
-158.7441 -433.3333
1587.441 1004
4.001953 -14.66669
12.00586 -50.66669
24.01172 -84
37.35156 -114.6667
72.03516 -188
88.04297 -228
98.71484 -250.6667
106.7188 -265.3333
112.0547 -277.3333
114.7227 -284
116.0566 -285.3333
116.0566 -286.6667
116.0566 -288
116.0566 -288
116.0566 -288
116.0566 -288
116.0566 -288
114.7227 -288
113.3887 -288
1955.621 210.6666
1552.758 1140
-12.00586 -14.66675
-18.67578 -33.33325
-114.7227 -233.3333
-142.7363 -322.6667
-153.4082 -372
-158.7441 -401.3333
-165.4141 -420
-172.084 -438.6667
-176.0859 -457.3334
-181.4219 -469.3334
-181.4219 -476
-181.4219 -477.3334
-182.7559 -478.6666
-182.7559 -478.6666
-182.7559 -478.6666
-182.7559 -478.6666
-182.7559 -478.6666
-182.7559 -478.6666
-182.7559 -478.6666
1532.748 1122.667
1.333984 -18.66675
25.3457 -70.66675
46.68945 -116.0001
65.36523 -169.3334
74.70313 -202.6667
88.04297 -246.6667
140.0684 -386.6667
149.4063 -409.3334
150.7402 -416.0001
154.7422 -420.0001
156.0762 -422.6667
156.0762 -422.6667
156.0762 -422.6667
156.0762 -422.6667
156.0762 -422.6667
156.0762 -422.6667
156.0762 -422.6667
156.0762 -422.6667
156.0762 -422.6667
156.0762 -422.6667
1378.006 857.3333
46.68945 1.333374
94.71289 1.333374
117.3906 1.333374
137.4004 1.333374
156.0762 1.333374
168.082 1.333374
177.4199 1.333374
188.0918 1.333374
194.7617 1.333374
194.7617 1.333374
1496.73 1173.333
5.335938 -20
20.00977 -45.33325
62.69727 -118.6665
73.36914 -145.3333
94.71289 -194.6666
112.0547 -227.9999
121.3926 -250.6666
129.3965 -270.6666
140.0684 -293.3333
156.0762 -329.3333
170.75 -363.9999
212.1035 -461.3333
213.4375 -473.3333
213.4375 -474.6666
213.4375 -474.6666
213.4375 -475.9999
213.4375 -477.3333
213.4375 -478.6666
213.4375 -478.6666
213.4375 -478.6666
213.4375 -478.6666
213.4375 -478.6666
213.4375 -478.6666
1396.682 833.3333
22.67773 16
85.375 18.66669
117.3906 21.33337
149.4063 21.33337
181.4219 21.33337
201.4316 21.33337
218.7734 21.33337
268.1309 21.33337
290.8086 21.33337
312.1523 21.33337
320.1563 21.33337
321.4902 21.33337
322.8242 21.33337
324.1582 21.33337
324.1582 21.33337
324.1582 21.33337
324.1582 21.33337
324.1582 21.33337
324.1582 21.33337
1915.602 824
-38.68555 20
-78.70508 -65.33331
-80.03906 -113.3333
-80.03906 -121.3333
-78.70508 -130.6667
-77.37109 -133.3333
-76.03711 -136
-74.70313 -138.6667
-72.03516 -140
-50.69141 -136
-25.3457 -93.33331
-16.00781 -68
-10.67188 -48
-5.335938 -32
-4.001953 -20
-1.333984 -12
0 -1.333313
1.333984 20
1.333984 22.66669
-1.333984 -18.66669
-6.669922 -57.33331
-12.00586 -93.33331
-12.00586 -113.3333
-12.00586 -126.6667
-12.00586 -130.6667
-12.00586 -130.6667
1.333984 -117.3333
8.003906 -104
14.67383 -89.33331
17.3418 -81.33331
18.67578 -77.33331
21.34375 -69.33331
28.01367 -60
32.01563 -54.66669
34.68359 -49.33331
1932.943 869.3333
-24.01172 12
-60.0293 -2.666626
-70.70117 -13.33331
-90.71094 -40
-96.04688 -73.33331
-101.3828 -90.66663
-105.3848 -104
-108.0527 -120
-108.0527 -129.3333
-96.04688 -130.6666
-74.70313 -130.6666
-57.36133 -120
-42.6875 -102.6666
-36.01758 -89.33331
-30.68164 -78.66663
-29.34766 -74.66663
-22.67773 -64
-17.3418 -46.66663
-17.3418 -30.66663
-16.00781 -29.33331
-16.00781 -36
-17.3418 -66.66663
-22.67773 -97.33331
-26.67969 -118.6666
-30.68164 -138.6666
-33.34961 -156
-33.34961 -172
-33.34961 -180
-28.01367 -181.3333
-22.67773 -181.3333
-14.67383 -173.3333
-5.335938 -157.3333
1.333984 -142.6666
5.335938 -134.6666
6.669922 -129.3333
8.003906 -125.3333
9.337891 -122.6666
13.33984 -117.3333
1292.631 161.3334
