666.9922 1014.667
-8.003906 17.33331
25.3457 96.00006
52.02539 165.3333
61.36328 176.0001
62.69727 178.6666
65.36523 178.6666
65.36523 178.6666
65.36523 178.6666
65.36523 176.0001
70.70117 149.3333
80.03906 121.3333
88.04297 100.0001
97.38086 74.66656
120.0586 24.00006
128.0625 6.666626
129.3965 4
129.3965 4
129.3965 4
129.3965 4
129.3965 4
129.3965 4
129.3965 4
130.7305 4
668.3262 1097.333
57.36133 12
104.0508 17.3335
110.7207 17.3335
112.0547 17.3335
113.3887 17.3335
113.3887 17.3335
114.7227 16
114.7227 14.66675
116.0566 12
872.4258 1166.667
6.669922 -108
10.67188 -116
10.67188 -116
10.67188 -116
10.67188 -116
10.67188 -116
10.67188 -116
10.67188 -108
9.337891 -68
9.337891 -33.3335
14.67383 -16
42.6875 -6.666748
80.03906 -5.333496
97.38086 -12
116.0566 -36
129.3965 -60
133.3984 -77.3335
133.3984 -80
133.3984 -84
133.3984 -86.66675
133.3984 -88
133.3984 -90.66675
133.3984 -90.66675
133.3984 -90.66675
133.3984 -90.66675
1036.506 1178.667
4.001953 -8
34.68359 -12
80.03906 -18.66675
160.0781 -18.66675
1029.836 1133.333
66.69922 8
168.082 13.3335
1112.543 1268
12.00586 -200
20.00977 -217.3333
26.67969 -217.3333
32.01563 -217.3333
40.01953 -217.3333
57.36133 -217.3333
84.04102 -217.3333
105.3848 -214.6667
116.0566 -209.3333
117.3906 -202.6667
117.3906 -192
117.3906 -188
1535.416 1916
6.669922 -49.33337
24.01172 -84
37.35156 -130.6666
46.68945 -181.3334
60.0293 -224
68.0332 -252
