1040.508 1309.333
-10.67188 -10.6665
-25.3457 -28
-42.6875 -50.6665
-78.70508 -132
-100.0488 -181.3333
-120.0586 -228
-124.0605 -248
-129.3965 -281.3333
-136.0664 -306.6666
-145.4043 -337.3333
-157.4102 -375.9999
-164.0801 -394.6666
-169.416 -414.6666
-172.084 -427.9999
-174.752 -439.9999
-174.752 -442.6666
-176.0859 -445.3333
-176.0859 -446.6666
-176.0859 -446.6666
-176.0859 -446.6666
-176.0859 -446.6666
-176.0859 -446.6666
-176.0859 -446.6666
1044.51 1332
12.00586 2.666748
64.03125 -78.66675
86.70898 -129.3333
92.04492 -158.6667
96.04688 -178.6667
100.0488 -210.6667
104.0508 -226.6667
108.0527 -242.6667
137.4004 -353.3333
180.0879 -450.6667
189.4258 -469.3333
190.7598 -469.3333
190.7598 -469.3333
190.7598 -469.3333
190.7598 -469.3333
190.7598 -469.3333
190.7598 -469.3333
190.7598 -469.3333
192.0938 -469.3333
194.7617 -469.3333
1035.839 1033.333
2.000977 0
4.001953 0
20.00977 0.666626
48.02344 0.666626
98.04785 4
118.0576 6.666626
120.7256 7.333252
108.7197 2.666626
122.0596 2.666626
123.3936 2.666626
126.0615 2.666626
128.7295 2.666626
130.0635 2.666626
134.0654 2.666626
138.0674 2.666626
139.4014 2.666626
139.4014 2.666626
139.4014 2.666626
876.4277 1037.333
29.34766 20
54.69336 20
89.37695 20
157.4102 12
189.4258 9.333496
216.1055 6.666748
244.1191 2.666748
274.8008 -5.333252
300.1465 -17.33325
313.4863 -22.66656
325.4922 -26.66656
336.1641 -29.33325
346.8359 -31.99994
352.1719 -31.99994
352.1719 -33.33325
353.5059 -33.33325
354.8398 -33.33325
356.1738 -33.33325
356.1738 -34.66656
357.5078 -34.66656
357.5078 -34.66656
357.5078 -34.66656
1378.006 1113.333
1.333984 -14.6665
1.333984 -41.33325
1.333984 -88
1.333984 -107.9999
1.333984 -122.6666
0 -135.9999
0 -146.6666
-1.333984 -158.6666
-1.333984 -167.9999
-2.667969 -174.6666
-2.667969 -177.3333
865.7559 1044
118.7246 -18.66675
160.0781 -26.66669
188.0918 -28
213.4375 -29.33331
234.7813 -29.33331
257.459 -30.66669
281.4707 -30.66669
293.4766 -30.66669
314.8203 -30.66669
333.4961 -30.66669
356.1738 -32
368.1797 -32
373.5156 -32
378.8516 -32
386.8555 -32
394.8594 -32
398.8613 -32
401.5293 -32
401.5293 -32
401.5293 -32
908.4434 1018.667
21.34375 5.333313
64.03125 5.333313
101.3828 6.666565
176.0859 6.666565
201.4316 6.666565
228.1113 6.666565
242.7852 6.666565
261.4609 6.666565
281.4707 6.666565
296.1445 5.333313
312.1523 5.333313
322.8242 5.333313
324.1582 5.333313
325.4922 5.333313
326.8262 4
326.8262 4
328.1602 2.666626
328.1602 0
328.1602 -1.333374
328.1602 -2.666687
871.0918 1029.333
30.68164 8
70.70117 5.333496
108.0527 1.333496
142.7363 -1.333252
200.0977 -9.333252
228.1113 -11.99994
252.123 -15.99994
276.1348 -17.33325
298.8125 -21.33325
324.1582 -22.66656
337.498 -23.99994
350.8379 -23.99994
364.1777 -23.99994
369.5137 -23.99994
372.1816 -25.33325
376.1836 -25.33325
377.5176 -25.33325
378.8516 -25.33325
380.1855 -25.33325
380.1855 -25.33325
380.1855 -25.33325
380.1855 -25.33325
1085.863 1324
-22.67773 -16
-48.02344 -38.66675
-90.71094 -98.66675
-149.4063 -220
-192.0938 -345.3333
-208.1016 -420
-208.1016 -432
-208.1016 -433.3333
-208.1016 -434.6667
-208.1016 -434.6667
-208.1016 -434.6667
-208.1016 -436
-208.1016 -436
-208.1016 -436
-208.1016 -436
-208.1016 -436
-208.1016 -436
-208.1016 -436
1051.18 1354.667
-25.3457 -100
-56.02734 -172
-88.04297 -229.3335
-110.7207 -276
-130.7305 -317.3335
-146.7383 -354.6667
-161.4121 -385.3334
-172.084 -413.3334
-182.7559 -434.6667
-192.0938 -454.6667
-201.4316 -473.3334
-206.7676 -484.0001
-210.7695 -492.0001
-210.7695 -492.0001
-210.7695 -493.3334
-212.1035 -493.3334
-212.1035 -493.3334
-212.1035 -493.3334
-212.1035 -493.3334
-212.1035 -493.3334
-212.1035 -493.3334
1015.162 1356
41.35352 -74.66675
70.70117 -128
97.38086 -180
108.0527 -202.6667
121.3926 -228
132.0645 -253.3333
141.4023 -273.3333
149.4063 -293.3333
160.0781 -320
172.084 -352
182.7559 -378.6667
197.4297 -408
206.7676 -422.6667
214.7715 -436
220.1074 -445.3333
222.7754 -450.6667
222.7754 -454.6667
224.1094 -457.3333
224.1094 -460
224.1094 -461.3333
225.4434 -461.3333
226.7773 -461.3333
226.7773 -465.3333
228.1113 -468
228.1113 -470.6667
229.4453 -473.3333
229.4453 -474.6667
230.7793 -476
230.7793 -476
872.4258 1024
32.01563 10.66675
85.375 10.66675
102.7168 10.66675
128.0625 10.66675
177.4199 9.333252
196.0957 6.666748
213.4375 5.333252
232.1133 4
252.123 1.333252
272.1328 1.333252
286.8066 1.333252
297.4785 1.333252
308.1504 0
317.4883 0
330.8281 0
337.498 0
342.834 0
344.168 0
346.8359 0
348.1699 0
349.5039 0
352.1719 0
353.5059 0
353.5059 0
353.5059 0
353.5059 0
1392.68 1032
38.68555 24
66.69922 30.66675
72.03516 30.66675
74.70313 30.66675
76.03711 30.66675
78.70508 30.66675
81.37305 30.66675
82.70703 30.66675
85.375 30.66675
88.04297 30.66675
90.71094 30.66675
1248.609 198.6666
