867.0898 1374.667
-2.667969 -13.33337
-8.003906 -31.99988
-26.67969 -63.99988
-76.03711 -147.9999
-129.3965 -261.3334
-160.0781 -347.9999
-182.7559 -414.6666
-192.0938 -455.9999
-202.7656 -487.9999
-213.4375 -514.6666
-220.1074 -527.9999
-221.4414 -534.6666
-222.7754 -537.3333
-224.1094 -538.6666
-224.1094 -538.6666
-224.1094 -539.9999
-224.1094 -539.9999
-224.1094 -539.9999
-224.1094 -539.9999
-224.1094 -539.9999
845.7461 1362.667
-10.67188 -2.666748
-1.333984 -26.66675
20.00977 -66.66675
57.36133 -124
85.375 -185.3335
110.7207 -250.6667
122.7266 -273.3335
133.3984 -300
148.0723 -333.3335
161.4121 -365.3334
172.084 -389.3334
178.7539 -414.6667
182.7559 -429.3334
189.4258 -448.0001
198.7637 -470.6667
202.7656 -488.0001
205.4336 -497.3334
206.7676 -504.0001
208.1016 -506.6667
208.1016 -508.0001
209.4355 -510.6667
210.7695 -513.3334
