597.9585 1324.875
592.2891 1327.344
577.4068 1328.406
549.4765 1320.094
540.7639 1280.656
551.936 1262.438
559.1896 1265.25
565.1925 1270.375
566.4431 1273.219
565.7344 1271.813
562.733 1268.094
564.3171 1268.625
559.0228 1374.781
565.5677 1380.969
566.8183 1376.031
563.4417 1355.656
553.6869 1324.188
541.681 1291.781
534.4275 1268.625
531.5928 1260.469
531.0508 1259.25
529.8002 1256.938
573.9051 1370.875
617.2596 1298.688
635.3101 1258.188
634.0594 1254.625
637.8113 1256.063
557.0635 1305.938
560.4402 1305.781
610.7147 1303.813
619.2189 1303.813
624.1796 1306.125
626.8059 1306.125
628.39 1306.125
632.8505 1304
636.1855 1301.688
637.8113 1301.344
639.7289 1299.938
641.6882 1299.219
642.7303 1299.219
642.5636 1300.469
908.6518 1340.813
905.1084 1346.469
898.7303 1357.438
881.5552 1366.813
854.4587 1349.844
840.4935 1313.031
838.701 1282.781
861.7122 1273.031
876.928 1279.406
892.1854 1295.875
897.4797 1303.469
901.1898 1315.156
905.9838 1328.594
910.5694 1301.531
911.6533 1288.969
913.4041 1274.094
913.946 1267.375
914.8215 1263.313
917.8229 1261.719
919.0735 1260.125
920.8661 1259.406
921.7415 1258.875
922.6169 1258.344
1166.027 1368.594
1150.978 1359.031
1143.016 1339.375
1137.722 1310.375
1129.927 1251.625
1133.261 1253.563
1142.141 1274.094
1148.519 1291.625
1152.938 1303.813
1160.733 1324.719
1173.114 1353.906
1178.95 1362.563
1180.701 1363.813
1193.458 1341.5
1209.382 1316.031
1227.266 1293.031
1234.352 1277.281
1237.187 1269.844
1237.187 1267.563
1237.187 1266.5
1176.116 1295.875
1200.377 1298
1214.343 1300.656
1217.719 1302.406
1216.469 1302.938
1493.687 1320.625
1483.266 1324.719
1473.886 1329.125
1457.211 1333.031
1441.12 1289.844
1471.76 1279.938
1484.85 1308.969
1489.644 1331.969
1490.519 1337.438
1491.019 1330.188
1492.979 1304.344
1496.897 1287.906
1500.065 1283.844
1503.609 1283.313
1505.193 1281.531
1506.277 1278.875
1507.486 1275
1509.112 1269.844
1510.862 1265.781
1511.404 1264.188
1512.447 1262.063
1513.155 1261
1768.78 1398.656
1766.654 1394.063
1759.567 1372.469
1740.975 1316.031
1728.052 1281.531
1725.05 1274.281
1724.175 1272.344
1723.466 1270.906
1722.424 1268.625
1721.715 1266.844
1776.742 1386.469
1785.08 1372.844
1810.217 1324.531
1826.85 1291.438
1836.063 1266.844
1839.064 1261.375
1839.94 1259.406
1840.315 1258.188
1735.138 1316.375
1745.227 1314.25
1765.237 1313.031
1772.698 1314.094
1780.286 1314.094
1790.374 1315.156
1795.168 1315.688
1801.546 1316.563
1807.716 1317.094
1813.052 1317.813
1816.762 1318.344
1819.763 1318.688
1820.847 1318.688
1821.889 1318.688
1823.473 1318.688
2095.564 1311.625
2098.066 1358.313
2066.008 1350.719
2050.959 1293.75
2057.337 1269.844
2063.007 1269.5
2079.098 1276.063
2093.105 1292.5
2097.524 1304
2097.69 1313.375
2099.274 1324.531
2099.274 1329.656
2099.274 1332.313
2099.274 1335.844
2099.483 1340.969
2099.483 1332.656
2103.902 1307.906
2104.402 1291.438
2104.402 1283.313
2108.654 1274.094
2115.741 1265.969
2122.661 1261
2124.62 1260.469
2125.662 1260.125
2127.08 1259.938
2128.33 1259.938
1370.836 156.4063
1368.543 148.0938
570.6952 1368.938
558.1474 1352.844
551.5609 1326.469
541.3058 1297.094
530.5089 1269.844
525.3814 1260.656
522.9219 1260.656
521.5045 1261.719
608.5887 1385.938
601.1267 1386.281
600.96 1377.063
623.8044 1317.281
643.981 1267.906
646.4822 1262.781
647.6911 1261.906
650.901 1270.219
571.0704 1319.406
567.527 1319.406
557.6055 1312.156
590.163 1308.063
611.7569 1310.188
624.8883 1311.781
627.3478 1312.156
632.4753 1312.5
638.6867 1313.031
641.1462 1313.375
642.7303 1313.563
644.5229 1314.094
901.3983 1317.969
902.7739 1329.844
872.5092 1359.375
838.3675 1301.188
861.0035 1272.688
886.1408 1304.719
893.0609 1321
895.7288 1327.344
898.3551 1303.125
907.5679 1294.281
909.152 1289.656
916.7808 1268.625
923.7008 1256.219
924.5762 1255.344
925.8268 1254.813
927.0358 1254.281
1161.442 1376.375
1153.438 1329.313
1128.509 1249.5
1126.383 1249.156
1124.966 1249.156
1123.882 1249.156
1123.548 1250.219
1168.487 1368.219
1166.194 1368.219
1178.242 1355.844
1215.218 1307.531
1238.604 1280.281
1242.857 1273.406
1243.398 1271.625
1243.398 1270.031
1243.398 1268.25
1243.565 1267.031
1243.899 1265.781
1136.805 1296.031
1152.229 1286.5
1184.62 1290.563
1201.962 1295.344
1205.505 1296.563
1211.508 1298.344
1213.467 1298.875
1218.053 1300.656
1220.721 1301.688
1222.305 1302.406
1223.222 1302.938
1224.639 1304
1488.018 1342.75
1484.85 1346.469
1470.509 1359.906
1435.617 1275.344
1464.506 1275.156
1478.305 1295.156
1483.266 1307.531
1485.558 1323.125
1487.142 1327
1488.56 1329.125
1489.644 1332.5
1489.977 1338.688
1489.977 1342.031
1490.144 1330.375
1494.063 1317.094
1501.483 1305.063
1508.736 1292.156
1513.697 1282.063
1518.283 1273.031
1519.908 1270.375
1521.117 1268.438
1522.034 1266.656
1789.665 1380.25
1782.787 1358.5
1762.402 1270.563
1759.067 1253.219
1758.692 1251.438
1802.421 1354.969
1795.334 1362.219
1815.011 1311.781
1838.522 1258.188
1841.023 1252.156
1841.357 1250.75
1841.899 1249.875
1783.287 1296.938
1780.661 1296.563
1810.926 1294.094
1832.686 1292.5
1833.395 1293.375
1832.686 1294.094
1832.686 1295.344
2071.511 1331.594
2070.594 1357.25
2041.413 1367.688
2030.949 1275.344
2041.746 1269.156
2047.249 1273.75
2053.961 1282.938
2063.882 1321.344
2065.675 1329.656
2066.717 1344
2066.717 1347.875
2064.758 1348.25
2064.049 1343.469
2072.72 1311.969
2090.979 1285.594
2100.192 1270.75
2101.942 1268.094
2102.484 1267.188
