0.2445525
0.3073625
0.6377453
0.7103754
0.6912425
0.6430229
0.8124363
0.7055196
0.9083472
0.8725502
0.9419923
0.6010392
0.4898113
0.3750936
0.534003
0.6934326
0.8129405
0.8057889
0.7981561
0.7238457
0.7163511
0.7519379
0.4734717
0.7327198
0.7965041
0.8217531
0.5465693
0.6828125
0.8217196
1.51118
1.413196
1.399385
1.326301
1.316576
1.3732
1.364076
1.327598
1.230504
1.198225
1.189083
0.6306983
0.4568078
0.6167719
0.8343955
1.0401
1.085166
1.102508
1.046336
1.025805
1.025626
0.9879504
0.9951754
0.9845055
0.9595212
1.08929
1.156453
1.196113
1.251651
1.19731
1.183669
1.206491
1.20232
1.191651
1.192484
0.716857
0.9189224
1.038213
0.9953232
0.9288172
0.7588804
0.7797495
0.8033995
0.7899381
0.7718595
0.6929196
0.7139978
0.8123131
0.7563598
0.7765318
0.804287
0.8042328
0.7785199
0.7967748
0.8045167
0.4020874
0.7759885
0.9796514
0.9376198
1.000042
0.4213899
1.155645
1.381267
1.531677
1.563439
1.448551
1.636125
1.363127
1.304855
1.315058
1.479829
1.558098
1.4674
1.422544
1.383725
1.411501
1.420189
1.40898
1.399301
1.39431
1.367282
1.307339
0.6195571
1.044613
1.441671
1.841972
1.912623
1.857725
1.758813
1.674176
1.643108
1.649299
0.4643561
1.808858
1.939829
1.981336
1.976588
1.871868
1.856989
1.728321
1.680204
2.336984
2.753986
2.874915
2.880745
2.77304
2.729423
2.62478
2.519534
2.47142
2.477188
2.418389
2.180952
2.160144
2.097255
0.7160624
1.575805
1.713527
1.811099
1.767134
1.688357
1.639632
1.637426
1.549693
1.604167
1.578492
1.563189
1.472197
1.441315
1.405131
1.523952
1.836787
1.855067
1.898025
1.894456
1.842301
1.890315
1.867418
1.863966
1.892065
1.914589
0.9818923
0.6208677
0.6390011
1.078824
1.308502
1.216295
1.204717
1.21011
1.093257
1.132814
0.163018
0.3725282
0.8599905
1.512809
1.515476
1.393002
1.240793
0.2944438
0.3725303
0.4396042
1.199786
1.363079
1.413591
1.365887
1.380524
1.3722
1.367117
1.378981
1.407775
0.8401282
0.2953125
0.4456958
0.9151437
1.106698
0.9234368
1.08061
1.031261
1.401821
1.570971
1.513996
1.538134
1.644173
1.573988
1.56316
1.467226
0.827956
0.7990022
1.105295
1.123928
1.151855
1.125775
1.161119
0.8984305
0.3380208
0.5385944
0.9037604
1.435966
1.357008
1.269704
1.168811
1.185652
1.15906
1.156879
1.098056
1.050884
1.943652
2.288117
2.23954
2.179453
2.203805
2.15828
2.195729
2.191043
2.21162
2.206638
1.49062
0.6190795
0.912645
1.330811
1.540561
1.338739
1.299631
1.270399
1.251409
1.241647
1.211462
1.249684
1.278698
1.272004
1.45224
1.490367
1.410433
1.498223
1.544997
1.601912
1.585934
1.58399
1.583987
0.3510417
1.41875
1.827201
1.492989
1.218374
0.3377017
1.318853
1.820934
2.059182
1.859583
1.639799
1.441933
0.2575521
0.7268229
2.094792
2.348317
2.121407
2.022908
1.575692
0.3291707
1.085942
1.122591
1.324742
1.304411
1.303286
1.322346
1.347692
1.323635
1.30011
1.229772
1.2077
1.170593
1.471181
1.547618
1.567279
1.487149
1.531528
