1182 815.0001
-12 -3
-18 -13.00012
-28 -30
-36 -48.00006
-47 -74.00006
-57 -96.00006
-70 -117.0001
-84 -144.0001
-91 -161.0001
-100 -180.0001
-107 -193.0001
-113 -207.0001
-118 -222.0001
-122 -233.0001
-126 -245.0001
-132 -256.0001
-136 -266.0001
-140 -275.0001
-143 -280.0001
-144 -282.0001
-144 -282.0001
-144 -282.0001
1176 810
4 -14.00006
13 -32.00006
25 -55
36 -78
42 -96
48 -115
53 -131
60 -147
66 -165
73 -183
81 -197
87 -211
94 -223
100 -236
105 -247
107 -256
111 -265
114 -273
115 -280
116 -280
116 -280
1175 810.9999
6 -12
10 -22.99988
20 -36.99994
25 -42.99994
28 -49.99994
33 -57.99994
38 -67.99994
42 -76.99994
45 -85.99994
48 -93.99994
52 -105.9999
56 -116.9999
59 -128.9999
62 -137.9999
66 -146.9999
70 -156.9999
74 -168.9999
76 -175.9999
78 -183.9999
82 -190.9999
83 -196.9999
86 -202.9999
88 -207.9999
91 -214.9999
93 -220.9999
95 -225.9999
96 -230.9999
98 -234.9999
100 -239.9999
101 -243.9999
103 -249.9999
106 -255.9999
107 -260.9999
110 -264.9999
111 -267.9999
113 -270.9999
114 -273.9999
115 -275.9999
116 -275.9999
116 -277.9999
117 -278.9999
117 -279.9999
117 -280.9999
117 -280.9999
1094 641
7 1
19 1
32 1
46 1
60 1
71 1
82 1
92 1
103 1
114 1
124 1
132 1
139 1
145 1
151 1
155 1
158 1
162 1
164 1
166 1
167 1
167 1
167 1
167 1
1446 624
0 23
-9 23
-16 23
-24 23
-37 13
-48 5
-55 -6
-62 -18
-66 -31
-68 -40
-71 -49
-72 -56
-72 -64
-72 -70
-72 -74
-72 -76
-70 -78
-68 -79
-64 -79
-62 -79
-58 -79
-55 -79
-51 -77
-45 -70
-39 -64
-31 -55
-24 -45
-19 -34
-14 -21
-10 -11
-9 -5
-7 0
-7 4
-7 7
-7 7
-7 7
-7 7
-7 6
-7 3
-7 -2
-7 -11
-11 -22
-15 -35
-19 -45
-24 -57
-29 -65
-29 -71
-30 -76
-30 -80
-30 -84
-30 -87
-30 -89
-28 -91
-25 -91
-23 -91
-21 -91
-19 -91
-15 -89
-12 -84
-4 -78
4 -73
13 -68
15 -65
17 -64
17 -64
17 -64
17 -64
